846
957 8543 410
8798 8798 140
10955 11162 725
933 933 1183
1832 13607 234
8030 1574 37
5795 5795 1183
2858 402 265
10383 8953 310
5092 699 1309
3944 12477 310
13463 13463 623
10962 3530 469
4229 10036 265
2084 3897 725
9692 1885 1145
13799 985 1042
10351 10351 1183
1601 1601 140
13128 13128 1183
8152 6673 725
1421 6176 48
13534 14463 725
10982 1677 48
5764 1131 725
7738 7738 140
2523 4158 806
14020 1303 909
8682 12602 725
5428 12913 1286
300 10169 37
14126 806 1037
2080 8864 1042
2641 9714 310
8036 606 37
12474 12474 1183
7067 7067 623
7700 6647 469
4151 5615 410
3686 3686 140
4891 4891 623
6688 12315 803
1194 1194 140
13127 13127 623
9447 14720 909
6500 10950 37
7343 7343 623
14716 7171 310
9358 3501 803
10271 10271 1183
7079 2034 203
5072 2736 725
11772 11772 623
8192 10988 417
4088 14566 28
10031 10328 1305
11068 12748 28
4723 6441 1037
10631 10631 140
13948 13608 725
8860 6225 469
9921 4445 965
6986 3022 153
6037 14362 310
12700 12700 140
13284 13331 37
10939 13679 647
3995 1620 469
4558 3064 434
1275 1521 654
4343 818 1286
467 5543 253
5710 9984 725
12913 1101 1286
11741 14423 310
7288 1704 1030
6905 6762 886
8898 6150 265
1272 1272 140
10810 5231 803
5052 4515 803
6949 1366 909
5980 10980 265
9509 9509 1183
1220 1220 1183
5497 5497 623
11759 9037 265
7209 2859 310
14481 13885 803
2447 2447 140
2939 3288 1220
5473 10359 81
10723 14458 1129
14245 14245 623
14314 9163 265
4152 9844 965
1056 1056 1183
11772 11681 37
8584 8584 1183
559 14933 265
5416 7992 654
1782 9192 725
5326 13201 725
1138 11814 909
10545 6525 37
2269 5436 308
13739 13739 140
13718 13718 140
12118 1429 1065
11547 6048 1024
8913 8913 623
4664 13667 308
13150 13374 378
6398 6398 623
13409 4341 660
10772 4615 654
2769 10463 271
7582 2228 1294
13939 3900 184
7180 1681 654
6930 5707 308
11377 3802 886
12658 6532 310
3079 3079 1183
2095 2095 140
3876 2257 1286
6214 11091 410
10690 14086 37
7983 6493 37
3005 4743 310
5344 1526 1286
912 6847 654
11472 8965 1046
4358 1556 961
6753 12625 803
2269 12277 308
13363 13373 654
3548 3548 1183
2854 14611 725
12480 12480 140
3352 10691 203
4855 2358 803
1839 2497 262
1791 12168 265
1744 1680 725
8589 8589 1183
7982 10266 273
13462 14723 203
10335 12915 803
3525 11842 803
10960 10960 623
6390 2215 310
14063 3150 48
6046 12937 780
3292 12627 413
4427 367 265
12891 12891 766
1974 1974 623
3025 3025 1183
2947 2947 623
7566 7566 140
198 4243 725
2957 2957 1183
5299 3253 725
9817 6453 1042
4865 9235 310
890 11347 803
11793 7329 1145
3484 11410 271
6984 10324 308
12807 436 410
10758 13205 265
3558 3558 623
9742 9821 271
13725 446 725
14297 7580 909
12684 4572 1145
4119 3492 1205
3007 5749 271
1303 7470 37
11029 11029 1183
8125 14321 37
281 4343 310
6059 12450 909
1311 6482 1235
9247 8058 453
9269 2820 965
7877 887 310
2364 10322 725
9623 13788 393
2208 2807 410
8192 900 417
716 716 140
6925 9514 766
5052 4515 965
6495 9967 265
5251 5572 1042
6873 13679 481
6949 3687 725
4479 10754 37
9108 9108 320
8848 8848 140
8752 8752 140
8637 12540 803
2034 508 203
6581 6581 1183
14797 14797 140
14593 5285 308
10912 9506 1286
800 10114 469
10042 10042 140
6548 8621 965
13575 13575 140
398 11892 1286
9097 12845 271
6107 244 410
6748 12922 481
14775 4647 725
10693 1319 37
11743 7151 209
14082 7106 265
8675 9300 1286
8314 8314 140
11091 13522 1042
7617 7617 1129
13363 1651 310
3548 3548 140
8290 7260 271
1556 4358 11
13387 13387 140
12030 7227 1176
3616 3616 965
8131 8738 725
9106 6452 308
7622 11750 184
8764 8764 623
6762 6825 1073
7827 1260 310
7089 7089 1037
9716 6824 265
63 11377 1176
3544 14725 310
4058 5482 1286
1155 13616 806
4021 9748 453
2519 1476 725
11410 3484 271
5384 12001 766
5960 5960 140
13135 1818 1042
4668 14093 48
8718 10922 725
3027 3027 1183
3002 11673 1286
14702 5206 184
13253 13253 140
5236 5236 623
6948 2535 1042
2829 3289 1024
5849 8925 43
8390 8390 140
1455 4928 37
12070 14864 48
906 12190 469
12764 5648 909
6742 6742 623
11892 13196 308
7570 10619 1286
5812 14610 203
1744 8235 725
13257 244 410
4948 4948 1183
11243 12455 273
4478 862 48
278 846 725
1521 1275 48
4253 7891 310
13500 2627 909
4586 11115 308
13052 4867 1042
8152 14381 37
12131 2067 28
4387 8608 281
4884 4884 1183
4832 4832 965
3530 10962 1145
10190 10190 1183
4783 5815 725
6786 4892 469
8445 1922 1145
5027 96 909
8189 8189 140
6420 6349 37
10037 10037 766
14573 14573 140
9452 1385 37
14042 5549 1042
1183 969 757
5061 11698 1042
9811 602 1338
7148 7611 965
5871 5871 140
13871 14858 540
12589 12092 48
12892 4081 725
8981 8981 1183
9538 1840 114
5691 3377 37
14723 13462 203
10608 11276 310
14581 14581 1183
14108 11467 367
2100 5503 184
3674 3674 1183
11809 11809 623
443 7839 37
13216 7220 265
14166 4118 271
6399 10410 203
11547 6048 1308
1450 5624 1145
1094 1094 623
10254 9275 361
7840 7840 1183
11531 7455 308
7361 7361 1183
615 14893 203
7829 8711 469
6694 13559 784
7078 7078 140
10738 10738 787
1727 6524 469
1612 958 803
14931 9159 265
2840 2840 623
5774 9823 410
10283 3052 1286
8765 8765 623
7364 7649 909
9996 9996 1183
2523 1684 806
10619 3709 1286
2715 3062 310
7257 10948 37
12185 1228 1308
3810 3492 116
12138 1193 271
9106 11999 1286
14146 8910 184
5297 7713 37
13244 13244 1183
14944 6666 184
14944 6666 803
14902 14902 140
9712 10417 124
2095 2095 1183
4216 11378 310
4860 6722 965
651 9862 265
12362 14452 725
4394 4394 623
4895 932 763
9432 1483 985
2550 1372 469
13978 13978 623
7064 5749 271
12996 1751 1072
8248 4268 654
2816 5929 766
2844 4249 725
275 7218 453
2820 9269 37
5036 5592 308
6963 12236 766
10920 10730 271
6403 5202 803
1677 10982 654
1442 11531 1286
4134 4134 140
12129 12129 140
9785 8738 737
1868 1868 1183
4763 4763 623
900 5931 469
10191 4869 469
11356 11356 1183
6910 4002 803
6350 6945 469
8936 13191 725
10444 10444 1183
12319 7056 37
8793 14821 310
10239 10239 623
6 6 1183
4085 12402 310
4894 6924 310
2839 3288 1175
10902 3605 37
10712 6930 308
12835 12835 623
2084 6204 725
5851 2753 803
4743 4945 310
5455 1372 469
13759 13759 766
4500 9894 1042
2232 14716 1286
2432 4857 110
10704 1731 265
6573 1293 48
2873 2684 469
10163 10163 623
9011 9011 1183
8456 452 1337
14119 7570 453
12750 11450 1042
2931 2931 1183
5703 3021 965
472 2186 1042
6005 11310 909
14454 14454 623
1075 1075 140
10243 7277 766
7788 11068 116
5915 5915 1183
4077 4077 623
5274 5505 37
14215 198 265
8445 6583 1145
12152 8983 453
10857 10857 1183
10996 13603 725
12980 5584 1176
10646 2006 478
3734 2980 310
4541 8210 725
7432 7432 1262
1840 2541 271
14535 14535 1183
9927 9927 1183
8694 8694 1183
5670 10045 308
10815 10815 1183
1526 375 308
4210 4054 469
12455 12455 1183
3457 9290 725
11013 8672 310
995 6438 909
5641 11442 37
6668 3406 209
6399 7001 310
6900 8479 203
1829 3518 10
10867 1376 632
6403 5202 184
6050 6050 140
3489 9905 271
2986 2986 1183
1486 14038 1076
8932 8932 140
5843 14072 271
5810 5810 1183
1687 14681 271
9223 9223 623
7079 5500 203
6707 11578 359
5299 5777 37
8064 4592 310
8681 8758 909
125 8024 308
13196 10324 1286
9967 9205 725
7272 7272 140
9325 5835 48
8400 2549 451
1723 8965 10
8248 6255 1176
11820 11820 1183
6737 756 43
6807 6807 1183
6869 6449 1286
11139 11139 623
3891 2826 410
29 10755 265
13281 1025 1176
6967 2146 780
10324 2845 737
5921 5921 1183
9912 9912 140
3528 6894 1286
14716 2232 308
3097 8765 803
10988 906 393
2508 2041 469
6051 1866 410
1526 375 310
6461 12138 28
98 98 623
13213 11190 37
3886 780 37
4386 4386 140
8246 10347 469
11686 9987 451
960 3558 803
9984 5710 265
12999 9648 203
6399 9791 203
4666 13867 725
7047 11576 265
7544 5901 766
11243 13098 737
5206 5206 623
6439 11739 1176
14458 5829 961
14458 3359 961
575 575 140
1167 7370 1192
9791 6399 203
767 3003 310
5203 586 310
6543 14456 37
13093 12870 803
10505 5249 308
6438 11105 725
3077 10197 48
8333 8333 1183
6029 8562 654
3160 3160 140
10254 10254 140
2711 2711 140
3915 2746 1206
2738 6521 803
2310 2310 1183
9506 6692 1286
7363 176 410
9796 12892 265
6082 4814 410
364 188 203
11777 281 310
14426 14426 1068
2917 8872 959
12821 2945 37
12190 13830 310
1496 11626 453
7858 7858 140
6554 6554 140
4456 4456 140
13196 2516 1286
5879 3865 654
12277 9148 310
4183 11645 725
10747 10032 1042
3077 7034 203
2034 7079 203
2034 5500 203
3055 5817 265
11973 9600 1145
8204 8204 140
11031 11031 140
8565 13618 780
3199 3911 265
7061 9505 647
9440 12970 361
9101 4812 965
11410 6344 271
1073 449 1037
9623 8265 417
10729 10729 140
8841 1014 37
13303 4996 1042
10505 11164 1286
10475 13142 184
9589 3231 410
202 6513 1286
5590 6430 725
5657 5657 1183
11601 11601 965
10233 208 569
8197 9328 803
2123 5018 1145
11450 12750 410
11515 11515 623
12319 12319 623
8136 322 410
932 4895 524
3780 12126 766
3288 12779 378
3247 14707 469
14710 7122 803
11892 7656 453
3409 7151 310
10902 10902 623
5635 9911 271
6614 4293 803
9476 927 1042
1561 1561 1183
1194 1194 1183
8484 7519 1042
12125 9836 909
14458 6247 961
3876 11865 48
10441 5640 803
14233 603 37
8351 1372 310
4025 6243 654
12945 12964 184
12655 5843 271
3899 5122 310
2497 9308 907
12890 6092 725
4030 7536 682
13684 13953 725
778 9692 48
2475 2789 184
11579 5027 265
7067 12728 725
3042 3042 140
8421 8421 279
3384 10988 1145
12002 7953 1136
8807 10094 417
2262 10758 361
8901 14874 1304
868 868 623
12102 7791 410
9782 14033 310
201 11527 909
3888 11710 271
384 1453 48
5241 8769 725
508 5500 203
9355 9471 308
7198 2144 48
12331 14201 310
5939 7449 310
13943 8872 725
2696 3241 725
7565 7565 140
12952 12952 279
7390 8711 469
12070 7310 453
6883 14325 1129
10365 10365 623
14411 13085 287
8354 2758 310
241 9900 481
2934 5231 265
14839 14839 623
2354 13389 265
13090 7116 803
12241 4159 48
12241 4198 310
1413 13155 647
3097 8765 965
8624 9928 965
9757 6257 410
5066 5066 623
3297 14618 410
912 14861 654
5663 5663 1183
9215 4513 203
6260 8970 524
10679 3543 803
14707 6367 654
9165 7498 410
10393 13472 265
3993 3993 140
8639 8639 1183
5428 5652 310
5442 14266 37
14858 1949 985
2778 9660 37
3259 11743 286
13315 10186 1308
11808 639 725
779 779 623
12811 13450 965
7033 7837 725
6573 13445 48
539 539 279
8117 2753 184
9757 6322 410
4470 9773 647
7753 9119 469
4456 4456 1183
7450 9244 725
8935 11418 886
6263 6263 140
1765 1765 140
12237 7753 1037
8235 1744 265
12319 1550 725
11849 11849 140
12826 11041 909
1402 1402 965
12588 5330 265
300 300 623
3256 7498 806
806 14126 806
13852 13852 140
12017 10876 1129
11608 9126 725
11698 5061 410
14149 2379 1037
2687 9422 965
6015 6015 1183
949 8682 265
8901 4576 57
13650 9195 909
9962 783 540
6554 6554 1183
4242 4242 766
7864 7864 623
1022 1022 1183
4186 14167 949
12118 12118 766
933 933 140
4783 4752 909
1839 8682 265
14858 33 985
117 3848 265
3129 3129 623
14929 9774 48
6916 7444 265
9106 3785 308
4341 151 253
1704 7288 481
4646 2229 763
9909 1320 1042
12292 792 803
1197 10279 803
2084 7460 725
12700 12700 1183
7357 2056 909
14902 7751 361
7151 11743 286
4103 4103 140
44 5105 1145
7498 3256 1037
4500 10421 410
3121 911 1145
7585 5293 914
9913 5344 308
3474 3474 1183
5810 5810 140
8600 8600 623
14214 13746 184
8286 7354 803
9087 9967 803
4358 5978 1252
4358 1783 949
7235 2454 308
10314 14358 654
104 6044 1042
1877 3708 780
3450 8067 265
10877 5472 909
12227 8294 243
4906 4906 766
1372 3315 1145
4623 4623 140
10272 12495 410
4445 4445 965
3717 6913 286
8206 6595 37
8212 5077 410
3423 2222 37
10785 10785 140
4780 13296 310
12555 2050 681
8596 6972 618
9737 14940 1145
13560 4657 265
12298 14451 271
5518 10630 308
12760 6438 909
11824 11824 140
4021 10345 310
6472 3792 116
12874 12874 140
207 11032 28
418 418 140
2935 9119 469
8194 12937 780
5574 14060 1083
1051 1051 140
2100 5503 803
7106 12770 725
4354 10109 909
11347 890 37
4209 6928 965
12705 8939 780
5969 5018 417
3137 3070 626
1450 370 1145
11675 8476 374
4115 4115 140
9662 42 234
6048 10366 1145
13373 9922 310
1178 3607 116
9739 9739 211
5043 12074 803
5619 8690 469
9988 10067 725
7052 3590 310
2228 5670 817
6150 12679 725
8070 1731 301
9179 11956 37
5727 4704 310
10032 12530 410
4978 4978 623
11760 8393 1197
1793 13585 310
217 1435 310
9928 3625 37
13429 1262 1329
5487 385 965
9533 7227 767
9985 14191 803
14138 2390 453
3702 12580 1145
10780 3764 453
10197 7034 654
13746 14214 37
337 7560 766
6236 1067 271
8014 8014 140
9595 10626 965
423 1005 1042
8983 5888 310
5330 3949 184
4496 8002 803
2668 3817 909
7926 10886 310
9862 651 725
9822 9822 623
8423 8423 140
9432 6856 967
6192 4049 780
912 5083 310
11013 14347 310
12663 4448 184
4365 4365 623
