5275
6496 5292 916
10470 13891 493
1456 502 76
14779 6433 429
14779 6069 429
12722 4255 319
624 5226 971
10243 3070 830
12245 10138 334
7996 13521 1058
12493 6874 1147
7388 13741 166
14013 1354 355
969 2876 1147
3534 13003 450
6278 12938 1089
6178 13525 1147
362 9829 971
6004 4421 429
6326 1910 849
470 13523 42
470 7328 42
470 14934 42
470 9713 42
470 7405 42
470 11233 42
470 3486 42
7504 1666 1147
607 12241 319
3752 6622 971
14722 681 1058
13815 13363 429
12344 9322 396
9196 2452 791
2346 12030 39
12128 2485 573
595 8962 511
2286 9680 1023
9781 3101 86
9781 7572 86
9781 7409 86
9781 4836 86
9781 8977 86
9781 6951 86
9781 3021 86
9781 3496 86
9781 3737 86
9781 13826 86
9781 5110 86
9781 8980 86
9781 270 86
9781 6783 86
6217 9151 971
3422 1540 429
7067 1417 1147
13088 12994 254
8650 1918 1259
8650 10431 1259
8650 6287 1259
7285 13630 354
13456 14612 355
8269 12745 86
8269 2971 86
8269 1534 86
8269 4555 86
8269 11816 86
8269 8510 86
8269 9662 86
8269 402 86
8269 9109 86
8269 14279 86
8269 4972 86
8269 9440 86
8269 12310 86
8269 8694 86
8269 757 86
8269 14078 86
8269 2914 86
8269 10688 86
1457 4148 76
10775 4194 1275
8865 9788 1002
11411 9734 1275
7869 1205 578
7869 3181 578
2667 1060 971
3351 10530 511
14302 14101 573
6841 11997 1241
13694 2524 1259
13694 2292 1259
13694 10713 1259
2313 12470 872
10158 10190 329
8065 8018 511
1884 2504 759
2146 11708 1339
1920 7906 89
5179 6022 1249
5467 669 1306
13807 9282 319
12857 2792 1150
6718 4618 1147
2017 1577 971
13472 2113 1147
2407 13572 583
2407 1395 583
2407 12341 583
11066 9832 319
11844 1836 439
150 5334 781
7997 850 329
6856 10876 1339
888 11993 1275
8035 1732 461
6083 5432 1149
8393 11084 1045
4716 12209 1058
5049 10469 461
8694 10440 1058
8 9915 631
10595 2445 1103
10595 1396 1103
10595 6072 1103
718 565 438
10522 12493 415
9420 1463 319
1210 14541 468
10721 13980 1150
12527 12253 429
12527 14250 429
5903 14583 429
8152 12175 1147
5154 6754 355
13636 8635 861
8549 9476 578
8549 5520 578
8549 6948 578
14023 3495 971
4210 12477 319
4854 782 319
9451 4920 1147
11288 5013 1139
11288 11765 1139
11288 4846 1139
7852 13139 1147
9696 10091 571
4300 4388 583
4358 3691 1147
5590 9015 261
14103 8887 583
14103 10878 583
8899 11164 319
6711 3491 429
9917 6011 1058
4219 10771 442
7610 9300 905
9960 7147 511
1782 404 1339
12937 13331 354
6062 2089 319
2226 4578 493
13679 10939 23
1483 48 1339
1483 7922 261
6635 9217 1147
1353 14421 33
6496 6496 945
4598 261 729
4991 7198 522
3330 10777 774
1723 12460 631
6526 4635 1103
2765 596 89
3517 9039 251
4167 4924 319
12592 10179 329
12245 11304 334
9070 11413 522
4333 5757 33
11670 9824 33
4228 10532 1147
8860 7923 319
9054 2579 429
8260 1706 355
8260 10091 355
12651 4605 461
7297 5412 89
7867 10029 582
6004 624 429
6004 8419 429
2478 13791 1193
10576 1449 573
470 14726 933
470 4541 933
470 1461 933
470 7852 933
470 10619 42
470 4273 42
470 12841 42
470 13224 42
470 3203 42
470 10225 42
470 9782 42
470 18 42
470 14893 42
470 9426 42
7802 1089 429
9260 5662 461
10092 12754 353
448 13541 583
13815 9948 429
12110 2669 461
6184 8109 549
4544 6423 996
3779 12528 1147
12230 13780 429
8179 14261 971
14335 1679 1147
3312 6555 355
12128 11879 461
9472 13817 842
1990 6866 76
14404 1975 268
8100 6580 1058
9781 12388 86
9781 12155 86
9781 10855 86
9781 7199 86
9781 4705 86
9781 12555 86
9781 14326 86
9781 13199 86
9781 13029 86
5043 12074 354
2501 11852 355
13702 6946 971
10037 8445 1058
6532 2727 1249
8650 8630 1259
12782 4378 429
8066 5377 511
7824 14050 355
8269 6116 86
8269 1037 86
8269 13811 86
8269 10858 86
8269 10828 86
8269 2177 86
8269 5373 86
8269 224 86
8269 11971 86
8269 3704 86
2571 14566 1058
1457 463 76
4055 10430 879
12548 12785 1275
13301 8360 429
11377 1819 166
11161 12352 791
7871 485 35
4900 12416 717
7277 733 830
3951 11346 573
5912 763 583
5912 6343 583
13694 8564 1259
2313 3830 872
2313 7312 872
2313 11805 872
2313 11230 872
2313 2824 872
2313 3802 872
2313 807 872
6781 12588 723
6988 14277 645
2906 12037 1058
12175 265 571
7393 5287 429
4875 3862 861
11230 6027 523
12397 2362 1339
263 7415 1147
13472 7981 1147
5105 10125 319
11684 3597 511
8294 3110 1147
3382 3005 319
7775 13688 355
12288 8694 329
3068 4023 1249
13950 11364 302
14287 14321 354
6856 2795 1339
6856 14832 1339
888 1606 1275
10282 9574 1147
5776 14679 1058
6083 12972 432
6015 7927 1039
8393 2451 123
8393 7199 250
4943 7774 42
4943 6867 42
10090 422 1342
1403 5985 319
14494 8302 1147
13791 14222 1139
13791 14017 1139
1296 8321 442
8454 1202 319
4955 740 1147
2060 14911 861
162 1549 774
9097 10970 571
9604 3733 461
14426 10813 1023
14386 987 1058
11979 12284 1275
9436 3238 317
198 8006 1147
12527 5574 429
12236 502 429
14885 13732 1147
2787 13274 1058
12293 7843 355
2002 12359 35
9138 12762 429
4358 5197 1147
5590 12890 1339
5590 12778 261
5590 6494 261
5590 7820 1089
5590 1533 1016
10525 1105 842
14103 4399 583
8939 10160 354
13367 7449 76
7953 11000 801
5908 5479 1058
5908 11858 1039
12418 5135 354
1039 13854 329
12890 14948 1147
10882 13620 511
13447 14662 354
782 10827 971
11418 4390 1275
6526 13517 1103
7624 784 1147
10243 5635 450
10243 9504 450
12245 6510 334
7868 203 1249
4626 11542 429
7898 8220 1147
4688 10896 354
6613 8993 442
1690 9775 227
969 1512 1147
10795 8756 1058
14700 12062 719
14701 5954 1275
2633 5786 1058
6326 12461 849
470 11939 933
470 13552 933
470 3132 933
470 14702 933
470 1797 42
470 1463 42
470 10099 42
470 3319 42
470 4777 42
470 9065 42
470 9496 42
470 450 42
470 875 42
470 13558 42
470 14939 42
470 13595 42
470 8905 42
470 8064 42
12528 1268 461
13815 2267 429
9196 6728 791
12050 14302 429
12128 3719 461
595 13051 511
2515 8355 355
1276 12361 649
9781 7943 86
9781 7280 86
9781 6027 86
9781 6267 86
9781 1486 86
9781 2314 86
9781 13709 86
9781 14786 86
9781 1321 86
6123 3783 738
5340 10645 355
4851 7986 1147
7685 6073 183
6532 5833 971
2503 6344 527
1285 14595 963
14580 616 571
2875 8258 571
4078 10260 123
4078 12028 60
4078 9225 934
4004 7923 527
8269 13354 86
8269 967 86
8269 10677 86
8269 13501 86
8269 12988 86
8269 13532 86
8269 151 86
8269 9934 86
8269 14760 86
8269 7930 86
8269 3922 86
8269 8404 86
8269 2862 86
8269 10163 86
8269 883 86
8269 3236 86
13315 3336 1058
1457 12816 76
1661 8360 60
8869 13261 461
12259 11952 429
4580 3579 1275
11411 12520 1275
7869 5485 578
1952 11531 429
2855 2278 692
2855 13130 692
7914 7914 485
10879 6534 355
1674 2368 12
5912 1291 583
13694 9643 1259
2313 1262 872
2313 5092 872
2313 13494 872
2313 14499 872
6781 5165 723
13080 14880 355
11690 2945 1016
11455 14483 511
6134 5623 511
12857 359 1150
3132 586 1147
2407 9844 583
2407 9015 583
2407 5493 583
2407 14356 583
2407 9269 583
5105 14272 319
186 4954 355
11684 7403 971
11524 7226 1058
4719 14876 839
5373 9041 1147
8011 5250 723
8011 10031 629
5817 14678 1147
849 7753 781
14458 1156 1147
13950 7291 302
14604 7015 438
888 13832 1275
971 8210 1247
10395 4950 319
12364 4193 166
6083 14864 698
6083 14316 432
8393 10624 60
8393 11122 112
4943 12174 42
13791 8743 1139
7055 14686 1058
12196 2912 355
2862 12505 1147
13007 1557 258
4029 6633 1058
9836 4774 1147
13138 5797 485
5421 1837 1058
12596 14303 1275
4710 2822 1029
13323 1026 1147
14742 5826 354
5903 14540 429
8549 8443 578
2550 14929 319
5367 9281 461
13018 1761 1058
11288 937 1139
2931 14200 1058
3385 10093 1103
3385 7447 1103
14772 7356 355
14772 183 355
2119 7515 106
3457 12547 261
3566 13912 723
10387 6915 89
602 5592 1058
4300 9124 583
4300 3408 583
4300 14676 583
5590 3039 1034
5590 12792 354
5590 9830 756
5590 2692 1016
14103 12158 583
2043 795 324
13178 1316 89
12295 5393 429
6949 5778 1147
13482 14692 573
12937 788 1339
7628 8534 582
10455 5574 1241
6685 9666 1058
12216 9218 568
1039 13639 329
1039 3861 329
9616 4509 511
3727 3891 438
2720 7612 319
972 11580 1147
7536 6180 557
7426 14578 775
8390 8448 1058
3764 5171 461
3895 14497 971
10243 4979 450
6830 4669 522
12245 12730 334
12245 13879 334
13877 1581 76
12493 2751 1147
12493 3036 1147
4626 1383 429
4626 8816 429
1886 3651 319
9513 2943 76
14796 1885 781
8997 877 781
522 2046 1039
7297 6651 89
12401 10860 355
470 2397 933
470 3284 933
470 3492 42
470 234 42
470 1881 42
470 1423 42
470 9653 42
470 1012 42
470 6708 42
470 3793 42
470 12636 42
470 1804 42
470 3109 42
470 5148 42
470 14716 42
4097 11629 485
8621 7891 1147
1685 7508 1200
8510 12876 98
10092 5186 353
13901 4956 302
11087 14845 461
12230 4881 429
12050 12831 1343
11357 513 801
12015 1005 573
7444 3667 1147
10902 12250 1147
8043 9149 1058
2637 7486 329
9781 7272 86
9781 3450 86
9781 11166 86
9781 4173 86
9781 4883 86
9781 9626 86
9781 13515 86
9781 2786 86
9781 6912 86
4833 3023 1147
4851 10249 1147
5589 13570 12
11826 14244 1259
6532 350 1249
5333 4342 1150
3219 11033 1058
8650 7270 1259
8650 4059 1259
8650 468 1259
12086 11688 302
8269 9089 86
8269 13572 86
8269 6204 86
8269 12700 86
8269 9529 86
8269 4150 86
8269 11346 86
8269 10407 86
8269 9175 86
8269 12837 86
8269 5754 86
8269 139 86
14403 13281 429
4213 3124 573
5689 13373 429
13301 3352 429
14913 13464 166
1992 5662 511
3445 3425 801
11320 14864 1058
14925 5168 1147
4746 4925 106
2344 9770 736
714 11866 1058
4727 7742 801
2313 4196 872
6781 2299 723
6781 3684 723
6781 11652 629
6781 5462 1186
6781 2922 905
6781 13793 905
8065 562 511
2146 5198 1339
3767 5706 971
7910 13845 1186
9297 12065 429
9297 9945 429
10095 4234 319
14180 5774 1275
14180 121 1275
9059 11668 511
8407 6210 355
8011 3955 629
8826 10189 511
10053 5655 76
6856 12215 1339
8437 4615 698
971 8210 851
8419 3939 302
6083 12082 1149
8586 2389 396
8393 4742 123
4160 3329 355
12310 4592 319
12310 5409 319
4943 14391 42
13543 5151 1147
8558 12804 571
11788 888 1288
12126 12443 736
9458 12889 1147
5388 12691 461
6664 4978 485
13905 12502 1147
520 10373 571
3313 2505 1147
11279 2390 319
2744 11814 1339
4073 3836 583
7754 2463 433
5133 2610 631
12627 10485 958
1707 12248 774
11288 3225 1139
6172 12021 429
867 4339 861
14181 5420 774
3703 12160 354
837 420 302
837 4902 302
3375 10431 1103
4358 6881 1147
4358 757 1147
4358 13556 1147
5590 9521 1147
14103 11006 583
12295 12559 429
9960 2205 461
8939 606 95
13097 13390 461
7679 7931 1058
6741 1786 1275
5908 1923 1058
5908 7404 1039
7010 440 319
1206 2006 1117
1039 12025 329
1039 2367 329
1039 2262 329
1039 2069 329
12890 12021 1147
1962 9237 511
1483 5100 261
4014 14761 680
10470 6440 493
2720 2636 319
11418 14840 1275
14779 4323 429
2570 7174 774
3517 3158 251
9457 13682 319
10243 1604 450
12592 1876 329
12245 9766 334
12245 877 512
9694 10455 461
3022 11901 1147
1746 12131 1147
6232 14174 185
3993 5431 1058
2810 11879 461
1881 4171 511
1402 10473 1147
13336 4915 573
10576 1449 511
470 2692 933
470 11850 933
470 1041 933
470 2573 42
470 12646 42
470 8433 42
470 13438 42
470 3671 42
470 1677 42
470 2515 42
470 4545 42
470 1581 42
470 10442 42
470 1180 42
470 3623 42
470 13478 42
470 1068 42
470 13139 42
2317 13851 461
8621 13129 1147
12514 3383 774
10092 8878 353
2639 4622 1058
448 14153 583
12230 7469 429
12230 11097 429
12230 5049 429
7560 5477 429
5587 13281 1058
8605 3839 511
2286 904 1023
14404 4780 268
10501 4274 438
9781 798 86
9781 4048 86
9781 13854 86
9781 5812 86
9781 535 86
9781 562 86
9781 3158 86
9781 4321 86
9781 8475 86
9781 6441 86
9781 10233 86
4134 3243 1058
7685 5662 1275
8249 12106 631
3219 10681 1058
8464 12408 493
3390 2496 573
8650 3845 1259
8650 12558 1259
8650 2006 1259
8650 4809 715
7285 10877 354
6098 4877 1241
1564 13405 971
9569 8259 355
9630 13243 324
4078 11056 250
8269 1538 86
8269 13948 86
8269 13835 86
8269 5064 86
8269 2774 86
8269 6068 86
8269 4618 86
8269 10660 86
8269 398 86
8269 10777 86
8269 8396 86
8269 1536 86
8269 8233 86
8269 13543 86
8269 10288 86
8269 2508 86
8269 3143 86
8269 684 86
8269 10909 86
8269 11434 86
6897 14837 89
1457 8719 76
1457 13431 76
1661 9729 353
1661 3052 60
10536 6093 268
12671 1153 396
5689 3853 429
208 9174 966
14913 5596 590
11161 13879 76
7869 2054 578
7871 13318 35
8201 11632 485
8201 6158 485
9464 9402 355
13591 422 900
1952 14423 429
958 14794 1147
194 521 485
346 5148 442
14925 2770 1147
4746 11483 83
4746 9534 83
5696 3263 511
5912 12870 583
13694 14769 1259
1382 11303 774
4101 11949 781
6781 8536 723
3238 13433 529
2906 10741 1058
14918 3356 736
1729 8897 319
14461 7467 511
4627 14075 1331
1726 14288 76
8158 9905 1058
1391 11892 1103
2407 4279 583
4520 11000 319
150 14532 781
9520 11220 774
8437 1729 398
888 8547 1275
6647 545 461
6647 11372 461
5776 5846 1058
8393 12977 1149
4943 786 42
4943 12333 42
2065 1122 1058
4068 14606 861
7370 7467 971
8546 1006 355
13266 731 571
9240 11680 260
3367 10208 571
4307 1603 1058
9222 11799 355
1210 13340 468
13116 11388 1019
12603 6677 1275
4470 2578 663
8549 5112 578
2942 6257 355
4386 12528 1058
28 8801 1259
3385 13599 1103
11472 13248 398
2119 7158 106
2119 3979 83
8965 176 717
3375 2828 1103
4300 3179 583
4358 13378 1147
6376 10098 971
14103 4825 583
14103 3759 583
12677 14713 89
7610 13462 905
11444 10217 958
11444 12423 958
6935 7833 1275
11170 1956 573
3115 9760 288
4455 14529 319
8489 9821 1147
14200 11337 461
11426 5834 319
4495 3939 511
6589 12018 442
10470 2592 493
11418 1693 1275
8973 2969 971
5137 10561 1058
9212 1638 631
3470 3229 355
9985 7504 1016
11055 6955 1058
3764 4392 573
12592 1190 329
12245 1916 512
9624 9666 429
14046 9599 971
7388 7453 166
9719 8512 971
6318 11422 9
6318 10321 9
10980 14091 354
9107 8939 583
4688 13686 354
4688 13211 1339
14796 142 781
9366 10985 738
7905 7182 578
6940 8059 355
7867 6923 582
3412 14025 319
10044 6215 380
7066 2087 319
470 9786 933
470 9992 933
470 2241 42
470 4472 42
470 1837 42
470 14205 42
470 6734 42
470 14112 42
470 12956 42
470 13237 42
470 13498 42
470 1488 42
470 1862 42
470 13569 42
470 4638 42
470 8688 42
470 10343 42
911 14112 319
10200 9636 319
12230 9343 429
10890 14213 319
5406 3056 429
12050 9746 429
9850 1557 631
3398 11064 76
10902 10686 1147
1562 10327 319
9781 10992 86
9781 12932 86
9781 14428 86
9781 4701 86
9781 12973 86
9781 11407 86
9781 1949 86
9781 10094 86
9781 9417 86
9781 3313 86
9781 9788 86
9781 4553 86
9781 8499 86
9781 11413 86
9781 8936 86
9781 693 86
11649 10255 461
10495 4278 1058
10037 7907 1058
7067 13797 1147
8833 1935 738
4878 3399 1002
2939 3084 1210
12292 792 485
3232 10841 573
8650 6048 197
8650 5337 1259
7285 12633 354
2332 3243 1058
16 3770 1058
8269 9509 86
8269 1821 86
8269 5089 86
8269 2362 86
8269 4156 86
8269 9679 86
8269 1194 86
8269 3611 86
8269 14650 86
8269 13135 86
8269 7939 86
8269 6016 86
8269 13779 86
8269 5684 86
8269 5861 86
7660 8143 1058
7660 13780 1058
5913 12138 429
5889 7208 355
1661 3624 60
8138 315 573
8138 5294 461
13301 437 429
7869 55 578
13591 14317 900
11379 14123 249
7277 9503 450
4746 11483 106
4746 13793 83
10735 11520 452
5912 1607 583
3874 3484 1058
605 8524 738
13694 4268 197
13694 5587 1259
13694 1024 1259
13694 12700 1259
13694 306 1259
13694 2076 1259
2313 11468 872
10158 2717 329
5366 10463 509
6781 2587 723
6781 13234 723
6781 10554 723
14340 265 511
2146 9489 1339
9247 2354 649
2407 5590 583
7806 10339 438
5105 5948 319
2334 5283 251
7221 7416 354
11369 12787 1241
13494 11897 95
820 1787 257
9008 420 355
2417 13059 511
6647 7077 461
4702 4749 89
612 11243 715
8393 10430 1149
13202 907 1022
4943 6930 42
4943 8172 42
8641 14118 461
1792 5675 801
7370 9655 971
4087 10144 912
1937 4264 546
1321 14699 319
13876 1006 355
1578 14148 1275
7329 10347 319
5103 8620 1147
6882 12400 511
9353 7848 319
520 6001 571
520 11 571
7578 10282 583
13116 782 927
9303 423 438
8733 545 1275
2787 3312 1058
1539 11345 710
13937 8325 1052
3437 12218 355
11152 3334 1040
11288 6647 1139
2931 5200 1058
11061 11761 1052
14656 6597 288
3010 9215 527
3911 1764 1339
2170 14097 302
3566 14853 723
4300 5442 583
4300 13463 583
4488 13445 442
7330 8692 429
4358 5626 1147
4358 296 1147
4358 12670 1147
5590 7216 442
5590 5043 95
5590 5051 522
9740 11194 680
14070 12284 355
11444 6431 222
890 11772 485
8483 8298 511
12733 13484 354
270 4278 442
2829 10120 842
1324 8414 573
1039 11079 329
1039 11583 329
13376 1704 1108
4014 11125 442
10681 4994 355
14779 6855 429
5805 14828 980
6526 6685 1103
10399 5306 1147
12245 10855 512
12493 13535 1147
2059 7842 1058
8320 9309 791
8239 14013 774
9513 2573 76
8699 2058 76
12934 14373 781
12748 6610 594
4077 13247 1147
362 10003 573
13336 12213 461
11823 1837 1058
7581 9633 461
470 5472 933
470 2703 933
470 2193 42
470 13702 42
470 2329 42
470 12686 42
470 6142 42
470 9263 42
470 6487 42
470 4706 42
470 7724 42
470 9645 42
470 2625 42
470 2041 42
470 12442 42
470 13144 42
14764 7514 254
5829 7439 1039
1712 8226 1058
14694 10676 429
448 5081 583
3256 2117 319
9173 7725 573
12230 4862 429
12230 5798 429
12230 4154 429
9196 13988 791
14803 8321 319
10893 11910 571
7444 3271 1147
2642 12942 355
10902 5374 1147
10902 14119 1147
10902 3196 1147
14633 11892 319
9781 3762 86
9781 10828 86
9781 8215 86
9781 1978 86
13077 1221 354
1195 4466 166
3070 2334 801
14388 5717 971
8121 13321 1058
9613 3007 1058
13700 782 774
1 9829 89
8650 678 1259
7285 6922 354
9814 635 1249
8269 377 86
8269 1256 86
8269 5338 86
8269 8752 86
8269 1722 86
8269 264 86
8269 84 86
8269 8493 86
8269 817 86
8269 8996 86
8269 5166 86
8269 11047 86
8269 2054 86
8269 10179 86
8269 6649 86
8269 977 86
6011 3511 573
1457 6262 76
1661 3158 60
1661 3099 60
4055 13780 879
2630 3763 1147
4580 7129 1275
7869 1126 578
14466 2389 396
2667 1609 971
5037 2987 715
3383 14892 355
2855 12705 692
6825 10550 893
13509 12218 396
7008 384 754
3951 6082 511
3951 596 511
5912 10578 583
13694 7840 1259
13694 2078 1259
13694 10815 1259
13694 14883 1259
13694 13193 1259
3677 7584 319
2313 12503 872
7130 4118 76
6781 4439 723
6781 4226 629
14340 1786 971
4224 10103 429
4627 13291 1331
10178 10478 461
6871 12478 438
1391 2467 1103
2407 7501 583
13326 11134 432
3292 8656 680
1484 3538 438
10730 8868 571
10895 7526 355
888 14727 1095
3550 12307 196
8393 1512 60
8393 7761 1045
8393 3162 1045
3623 5126 355
4943 7402 42
4943 1442 42
4943 8042 42
10482 14580 1058
1296 1299 213
1937 4060 546
6638 14060 98
5531 1646 573
9836 10564 1147
7435 4658 1058
7557 8061 830
7329 4054 319
12362 13976 1147
13118 7216 0
11979 3365 1275
9473 2678 442
2160 14263 442
659 13767 971
895 9172 429
9846 11647 738
6406 10558 1058
1164 2539 2
12403 13160 1031
5903 14253 429
5154 7791 355
14489 2423 1147
1159 5646 645
8492 176 511
13937 10993 1058
3875 8977 27
6952 14830 1147
4942 565 573
10489 6514 319
11472 9098 1149
6319 6977 1058
3375 4465 1103
3797 3480 1058
9138 5823 429
4358 10083 1147
5590 2832 1034
5590 4287 261
5590 13061 261
5590 4496 261
5590 6910 261
5590 6013 261
5590 2621 261
5590 3338 1016
14103 2687 583
14103 6303 583
6265 4426 573
4731 1497 1058
2118 10023 319
11344 12408 651
5908 12910 1058
9616 6826 971
1483 3925 1200
12176 11465 183
12498 1241 461
14779 12548 429
14779 11626 429
14779 6814 429
10679 7093 354
6526 1024 1103
12319 7788 1147
11055 6519 1058
8570 9910 1275
12592 6 329
12245 9044 334
12493 11276 1147
12493 14821 1147
8320 1031 791
5208 3389 571
8752 13258 1058
8699 5416 76
4431 4455 781
9976 3438 1200
1402 1883 1147
774 7906 89
7581 10668 971
470 5013 42
470 2679 42
470 2554 42
470 8342 42
470 5726 42
470 1413 42
470 10316 42
470 4874 42
7752 7449 429
8510 6877 98
5829 831 1039
12528 1428 461
2575 2330 1275
3960 14148 573
12230 5808 429
12230 8303 429
12230 10563 429
5608 7583 461
8143 4587 461
8222 7711 736
11926 8016 89
14633 6633 319
9781 48 86
9781 14917 86
9781 9823 86
9781 5408 86
9781 3399 86
9781 2184 86
9781 13976 86
7836 10715 76
13003 7777 571
3219 12984 1058
8650 7641 1259
7285 13769 354
8554 5613 76
4078 12757 123
8269 5497 86
8269 13255 86
8269 5000 86
8269 3487 86
8269 501 86
8269 11626 86
8269 3191 86
8269 3614 86
8269 8108 86
8269 158 86
8269 12685 86
8269 11159 86
8269 10052 86
8269 4561 86
8269 14849 86
8269 4313 86
8269 14676 86
5913 5711 429
1888 7612 1147
1457 9119 76
1457 1589 76
14403 543 429
13772 13558 319
13301 2326 429
11411 3650 1275
10646 10212 573
5852 10995 355
5238 6746 971
1674 12152 12
7277 1614 830
3858 12155 76
5760 1521 39
5912 12012 583
13694 8347 1259
2313 2428 872
11575 4902 511
3421 5711 319
10158 2903 329
4137 12305 1058
6768 4688 493
1729 8525 319
8654 2039 996
12846 12157 355
10178 836 461
11173 10703 861
9297 722 429
2101 2659 971
8214 10469 461
3414 8128 1259
7997 8014 329
3382 579 319
5373 1228 1147
10513 1686 1147
820 10228 257
8011 1613 629
12288 12496 329
2747 10635 1344
13950 10339 302
6856 14105 996
6856 7634 1339
2152 10860 573
8437 11388 1149
8437 1085 398
6537 13796 438
5526 10736 1058
6083 10241 432
8393 2421 927
8393 4852 1045
4943 11062 42
4943 4743 42
4943 1324 42
4087 7076 912
2790 4332 302
9399 10032 461
10595 1410 1103
8718 14011 1339
11623 10936 76
7720 5186 971
7242 8384 432
7242 5611 432
2508 2041 631
8500 7076 208
1210 3967 468
9690 13209 1058
5854 10373 573
8291 2765 1058
14885 9583 1147
8549 5173 578
8549 12530 578
2942 14614 355
2931 14442 1058
12455 8881 1058
9492 7463 355
2119 12475 1108
4300 2797 583
1922 9839 319
4358 2267 1147
4602 11604 461
5590 1830 1339
5590 5000 261
5590 13210 261
5590 207 1089
4731 759 1058
5645 4484 1275
9983 6180 1139
5908 13669 1058
1039 8748 329
13124 6877 1058
12890 8979 1147
13679 14267 99
1483 8067 261
5074 10253 1039
11997 9935 971
4570 8808 461
3119 11999 1058
12245 9280 334
9553 10184 319
14715 1235 1275
3702 2035 573
6318 1218 9
3977 7662 511
5462 5714 166
2810 11196 461
1881 5833 1249
4369 3634 1147
8267 6392 958
6346 12528 1058
1749 4262 511
14624 161 1058
6004 4545 429
470 4097 933
470 1366 933
470 14927 933
470 1910 933
470 8093 42
470 928 42
470 5675 42
470 1552 42
470 5168 42
470 2124 42
470 11862 42
470 268 42
470 11204 42
470 10222 42
7802 14658 429
10263 6838 319
8974 14215 723
14722 12070 1058
8133 9675 1058
7591 13229 717
13901 12214 302
6330 8275 355
11439 3130 571
3691 12284 461
7560 9303 429
1084 13547 50
441 5417 1049
10902 6552 1147
1744 2591 1147
9781 3288 86
9781 6532 86
9781 8875 86
9781 4145 86
9781 12215 86
9781 10467 86
10611 5272 485
4851 5823 606
4878 4482 442
3219 3910 442
1812 11641 971
4078 4589 934
8269 9952 1078
8269 11079 86
8269 12427 86
8269 11118 86
8269 3424 86
8269 621 86
8269 12915 86
1457 12181 76
11528 13729 319
14838 7943 1103
11190 13213 354
8313 10634 1058
8313 8033 1058
3003 5061 971
7008 1594 754
6128 258 452
1885 8823 319
6469 14828 511
6436 9178 971
5760 13246 88
13694 3461 1259
13694 5051 715
10158 2571 329
6781 11308 723
6781 8667 905
905 11801 450
14491 14267 1281
5552 10720 801
9979 11517 1150
10324 2845 885
1021 8766 98
2017 14524 573
2407 2863 583
2407 13931 583
2407 13681 583
5786 565 302
3414 4195 1259
3414 670 1259
3414 2714 1259
2863 2863 485
4440 7433 1147
677 2499 76
8304 13490 963
13215 2840 485
6856 9606 312
6856 4681 1339
6856 12960 1339
8437 13844 1149
8437 8971 1149
888 1299 1095
8035 4130 461
3031 5282 441
1155 13805 994
8393 11977 60
4943 2667 42
13791 3490 1139
5049 3747 461
2196 2521 738
3245 12473 1275
5365 6900 1058
10595 9537 1103
6153 14901 631
9263 13096 355
14426 6869 1023
2428 6157 801
6624 7601 1058
4073 14760 583
3289 219 461
4458 1963 461
5903 5389 429
8291 239 1058
5154 14477 355
8549 5415 578
8549 11146 578
11874 12363 89
9696 14168 511
9696 10091 511
2119 302 1108
2119 241 1108
2999 12324 319
13697 9902 583
10183 14923 573
4488 13445 98
343 13957 1259
4358 3549 1147
4358 11575 1147
5590 9269 261
5590 13177 261
5590 3605 261
5590 5148 522
14103 25 583
1774 8234 1275
11444 11219 958
8935 5664 1052
2696 7043 1339
4455 8322 319
14532 9094 319
2309 4971 1249
2226 3457 493
1039 6122 329
1039 11810 329
9922 6096 511
10470 12947 493
603 1465 354
14779 10459 429
6145 2210 432
6526 11055 1103
10243 9119 450
12592 3042 329
12592 14759 329
12245 1158 334
11470 3507 485
4138 4457 1052
4626 10818 429
7390 8711 631
1881 2727 971
13442 13372 641
8997 5759 842
4077 12070 1147
7867 13011 582
362 12143 971
1740 12094 971
470 10330 933
470 1339 933
470 6636 42
470 9474 42
470 3634 42
470 13413 42
470 5431 42
470 9242 42
470 4630 42
470 4454 42
470 3121 42
470 11360 42
470 9004 42
470 7907 42
470 1828 42
470 13868 42
470 7959 42
470 3857 42
470 3036 42
470 2761 42
470 14938 42
7802 11065 429
8510 14802 98
419 3639 774
8745 12710 738
1712 7814 1058
14846 5434 861
3386 14609 781
5129 4363 1241
12230 14805 429
12230 11574 429
12230 12686 429
12230 7720 429
8179 7360 971
10380 482 1200
12050 12353 429
8605 2198 461
14404 4343 268
10501 2929 438
9781 6312 86
9781 1233 86
9781 42 86
9781 1407 86
9781 4469 86
9781 12921 86
9781 9898 86
9781 7221 86
9781 7055 86
9781 13814 86
6970 2520 461
3219 9501 1058
3219 11269 1058
1319 6586 354
1285 6756 963
9569 11646 355
4078 2135 60
10748 12804 573
13041 8198 461
8269 13066 86
8269 2092 86
8269 7474 86
8269 7799 86
8269 2211 86
8269 11901 86
8269 1610 86
8269 12112 86
8269 575 86
8269 13715 86
8269 2651 86
8269 5404 86
8269 3205 86
8269 14374 86
8269 2452 86
8269 13282 86
10153 4829 1181
1661 13498 60
4618 11815 355
3644 5784 319
12259 10691 429
13301 11776 429
11996 12283 429
7869 8209 578
13591 11585 900
4421 8839 738
4746 13713 106
3858 3002 76
11695 9119 442
13065 7579 461
13694 4111 1259
13694 7177 1259
2313 5043 872
4792 8970 573
10158 6854 329
6781 2438 723
6781 13228 723
6781 8075 629
7432 2035 717
12508 13212 319
6988 8134 645
4507 3342 571
6871 10018 438
1391 2452 1103
8353 4521 527
4585 1508 571
7221 4639 95
1218 6647 1052
63 1550 1029
14458 10300 1147
11712 3005 729
4496 8002 485
6299 13734 76
2955 7271 355
2285 418 329
3031 11814 441
3556 6463 355
11114 1023 319
6300 2498 33
2111 10298 1058
8393 12324 123
8393 5178 927
4943 9309 42
4943 10936 42
10482 5957 1058
11541 8808 573
13248 2970 115
5870 2315 1058
13791 4007 1139
8946 13363 76
14539 14221 1339
1340 9428 461
10595 8229 1103
10608 8085 971
7435 4383 1058
9405 139 354
5103 5592 1147
14426 14503 1023
1799 11332 442
520 14614 571
1210 6335 468
2676 8208 1058
11796 11969 485
12527 11331 429
3131 13967 692
14885 10505 1147
8549 13037 578
2787 11573 1058
3952 7449 1147
10994 11907 861
5642 12437 429
5642 9006 429
5642 7313 429
2931 4131 1058
10438 683 302
867 133 861
4358 5230 1147
4358 13876 1147
4358 14533 1147
4358 2702 1147
5590 357 261
5590 11961 261
5590 4619 261
5590 12430 261
11556 6312 774
7610 14010 905
9740 12735 1052
9740 11258 680
8939 8815 261
12937 8254 354
2118 1505 319
4806 935 527
7679 5020 1058
7679 12761 1058
10638 4390 461
10638 90 461
7628 3461 582
7628 8999 582
4670 1352 511
1039 5871 329
8794 11604 302
12008 942 1147
7529 6873 900
7943 4811 442
8102 10886 1058
11055 9960 1058
12592 10351 329
12493 13393 1147
3022 13729 1147
2488 2667 1058
3555 13951 1058
969 7199 1147
7409 2762 861
12748 11408 594
12290 6503 896
362 9376 511
1740 2239 461
6883 699 1331
6883 7198 1331
11823 12373 1058
7581 3372 461
5064 271 1058
470 5684 933
470 2902 42
470 4463 42
470 12966 42
470 11649 42
470 10912 42
470 8742 42
470 11074 42
470 9008 42
470 13556 42
470 13863 42
7752 2516 429
7206 4907 319
4502 10581 1249
10575 4749 461
448 1315 583
12230 5106 429
8179 7360 461
11795 10017 667
9850 13569 631
9610 2208 461
7444 171 1147
7444 1377 1147
10902 6867 1147
14633 7151 319
9781 476 86
9781 9525 86
9781 11521 86
9781 6854 86
9781 8098 86
9781 12859 86
8650 9588 197
8650 13372 1259
8650 2757 1259
7285 5027 354
7285 10759 354
449 12668 319
5000 5000 485
8269 3321 86
8269 792 86
8269 10347 86
8269 11403 86
8269 5202 86
8269 2645 86
8269 14324 86
8269 13607 86
8269 1112 86
8269 961 86
8269 872 86
8269 4800 86
8269 8422 86
8269 14489 86
8269 14357 86
8269 11359 86
5913 11438 429
2132 3503 971
1980 12823 580
10194 2558 572
11161 8982 791
7869 12533 578
5956 11366 1058
1674 10456 270
5760 4638 879
5912 11576 583
13694 1299 715
12002 9675 801
6851 11332 1058
6781 7861 723
6781 13741 723
6781 10293 723
7432 4145 963
12846 920 355
3029 4875 1172
4197 9918 1241
2407 5348 583
2407 4474 583
2407 13439 583
7221 11454 789
11684 7282 511
13928 14263 433
1761 1485 571
4440 5813 1147
677 14296 76
8011 5364 1275
12288 2059 329
6369 5882 461
6856 1759 1339
888 76 1095
3556 11647 355
8393 10364 353
8393 9751 60
8393 3492 1045
8393 14716 1045
8393 5652 1045
8393 10257 1045
4943 4920 42
13248 6315 773
1900 1565 429
8946 9051 76
1296 13734 213
11542 4772 971
1064 13333 89
2060 8190 861
2628 14393 1147
5103 5302 1147
14426 12174 1023
14426 8449 1023
5241 556 354
7991 8297 461
9197 7877 1058
12596 12549 527
1373 1923 1058
8264 6066 1275
8003 4119 89
6247 12131 1058
1252 5693 1058
9012 579 429
5903 1441 429
2787 14142 1058
10246 11293 1147
10584 13520 729
13025 8155 511
28 716 1259
7032 11788 971
3010 4483 527
14181 3154 774
12099 724 302
12099 4317 302
3566 7672 723
8965 2876 963
3375 6072 1103
7338 12776 33
5590 7214 1034
5590 12074 261
5590 13939 1016
14103 4552 583
14103 1825 583
14103 5052 583
3190 12511 571
6711 437 429
9740 14132 680
3834 8028 302
4620 6927 355
4479 4882 1147
14532 12467 319
7679 10646 1058
6685 8065 1058
12216 13069 568
7565 3988 1058
1039 5184 329
1288 1796 511
5738 11151 1120
3755 7965 842
10470 8190 493
10116 5508 573
7529 3056 900
10104 491 1147
14779 4314 429
3517 12505 251
12592 14608 329
5547 2458 574
4663 12855 441
5462 12766 590
9513 8555 76
1881 4066 971
10012 10557 971
7211 7326 1058
3852 12652 1147
8267 9020 958
774 8707 89
14700 3684 166
7112 1836 828
11823 4276 1058
2633 9704 1058
470 5206 933
470 13643 933
470 5484 42
470 9976 42
470 10691 42
470 3328 42
470 7313 42
470 1080 42
470 929 42
470 12605 42
470 1651 42
2122 11910 302
8069 2792 1058
10252 912 429
12230 2259 429
11175 9965 781
12050 11293 429
2315 5941 511
11357 6571 335
10041 13863 773
2839 1318 781
2483 4363 1058
2346 12787 39
5587 2656 1058
4922 7139 571
4285 3766 511
254 4809 1058
9781 1283 86
9781 10520 86
9781 11506 86
9781 5644 86
11942 2241 319
11584 4215 1275
5278 5432 791
8650 8475 1259
7285 9163 354
13017 13494 35
4078 4255 60
10748 2595 511
8269 3218 86
8269 10679 86
8269 174 86
8269 11849 86
8269 10272 86
8269 1452 86
8269 2947 86
8269 12361 86
8269 8986 86
8269 9210 86
14403 9725 429
4055 8488 879
4055 4091 879
4055 4638 879
13301 10159 429
14913 4756 166
4580 14876 1275
7869 3297 578
9211 11051 1339
7398 7059 407
2855 7631 692
8313 7931 1058
7277 8784 450
4005 5148 527
5760 1835 39
5912 1297 583
4792 2479 461
6781 7047 723
12574 9172 1147
1726 2622 1275
2505 3787 355
2470 7811 1049
9688 14272 1147
8094 1508 1249
2407 11277 583
2407 11754 583
2407 902 583
4985 6873 1134
5337 5007 842
14757 1594 916
8304 782 927
13951 8106 461
9463 2108 573
6856 10944 996
888 11452 1275
888 1018 1095
2903 4137 1039
2903 10732 1039
6404 9708 354
4702 8493 89
2668 7279 354
5163 513 450
10618 198 424
11486 14129 971
4650 10118 1331
1444 10027 461
11858 14644 1058
12196 7165 355
11542 11593 461
9332 2269 549
1064 2809 89
681 13343 461
11623 13612 76
13118 13928 0
12365 4742 319
5241 3525 354
5241 277 95
7991 9237 573
2218 5508 511
198 3910 1147
4073 1764 583
11475 1035 302
8549 2887 578
14866 5265 1058
11741 13767 573
12053 2693 781
13013 14837 971
3777 8227 861
343 2095 1259
4358 9389 1147
4358 2296 1147
4358 13187 1147
13178 6907 511
14244 8342 1058
11444 7306 222
11703 985 1275
9928 13617 1147
12937 14396 1339
7561 8379 354
10740 1686 1139
4707 6347 461
1039 2958 329
1483 4511 261
11938 2723 1147
5074 10401 1058
5074 5734 1058
12260 11107 573
11418 13956 801
10786 9368 573
9485 10657 1058
5538 6676 12
12245 8328 334
12245 14834 334
9410 12348 302
2623 11997 1147
7111 10112 773
4626 6704 429
4626 520 429
13948 2494 1147
11656 2189 354
8699 13625 76
1690 6883 227
4431 3058 442
8997 9531 781
9013 1594 527
12633 10109 354
10576 1117 971
470 5456 933
470 13925 42
470 8556 42
470 9172 42
470 3287 42
470 4149 42
470 501 42
470 4767 42
470 249 42
470 9712 42
470 5205 42
470 10227 42
6786 9215 319
8621 921 1147
4502 660 1249
5829 9574 1058
9260 1219 461
13815 4743 429
8133 7113 1058
9450 7993 1120
10200 2991 319
8204 10566 1058
4156 13347 1241
3960 2807 511
12230 11363 429
2839 9542 442
7444 8867 1147
441 5916 1049
595 2213 461
9781 8533 86
9781 14391 86
9781 14553 86
9781 4780 86
9781 5495 86
9781 5419 86
9781 7924 86
9781 8876 86
9781 9691 86
9781 4947 86
9781 4865 86
3070 12503 335
6532 4171 511
404 3607 1147
12017 11125 1331
1972 7666 1150
7582 7940 317
570 570 958
8269 10214 86
8269 3341 86
8269 13846 86
8269 951 86
8269 7519 86
8269 14459 86
8269 12224 86
8269 6590 86
13315 9136 1058
1457 11706 76
1457 4689 76
1661 4547 353
1661 1111 353
1661 10676 60
14403 4020 429
4618 2239 355
10646 4410 573
3445 14636 801
11240 4989 1058
13805 7779 33
1885 6074 319
5760 10883 39
5912 12877 583
2313 2575 872
14934 6411 1049
581 4648 89
2302 6847 429
5552 261 801
1856 12042 396
4224 11941 429
4224 3261 429
11690 8248 522
13759 13101 1147
14117 1371 1058
9297 119 429
6548 1925 485
2017 5295 971
2017 14050 971
14004 437 801
2407 12801 583
2407 5536 583
2407 7266 583
3414 9033 1259
10152 2769 1150
3909 14712 329
3292 9723 680
5228 4971 461
12093 14130 429
14458 9441 1147
5056 7356 302
6537 604 438
6083 6689 698
8393 9363 963
4943 5249 42
4943 5748 42
9241 10334 723
1296 8701 213
8937 2569 76
8694 12637 1058
10595 7112 1103
6638 4993 98
8256 12321 1147
1578 4505 1275
10163 8826 1147
11140 626 1058
11623 13003 76
9420 10916 319
5241 3948 95
9867 13951 1058
12582 8058 791
12644 10716 511
3920 12180 631
12090 2073 631
8841 14437 1147
11790 9189 861
3108 12181 527
5903 347 429
5154 12237 355
2942 6322 355
7652 11321 485
2787 8278 1058
1159 10077 645
9552 5955 319
10559 5071 319
8765 13003 1331
4300 8442 583
4617 1060 571
5590 13839 1034
5590 10939 312
5590 4358 1339
5590 815 261
5590 9459 261
5590 8598 261
5590 14510 261
14103 13163 583
6547 4925 1108
9169 4362 971
14906 10992 461
14906 5186 461
14906 9901 461
12216 3359 422
2226 14570 493
24 13373 1058
8647 9401 736
1039 9536 329
1039 3438 329
930 3885 1228
11418 6347 1275
12864 5287 1058
14372 14440 355
6726 14723 1342
10243 9678 450
12245 10263 512
12493 2539 1147
6923 10845 1058
4626 8479 429
7898 7761 1147
14721 7854 213
7390 10941 631
7867 8589 582
483 4977 355
1077 876 355
1077 1786 355
470 3949 933
470 12584 933
470 3628 42
470 8793 42
470 8354 42
470 8434 42
470 14320 42
470 2486 42
470 2470 42
470 8214 42
470 3206 42
470 14793 42
6902 7933 1058
8896 14582 1058
448 5809 583
12110 7447 461
14627 225 429
3192 9626 76
10761 3162 1058
3691 2649 461
8129 11762 1052
6869 4492 27
2535 9571 115
9781 419 86
9781 54 86
9781 2960 86
9781 7902 86
9781 1548 86
9781 11421 86
9781 4541 86
9781 3334 86
9781 3410 86
9781 707 86
9781 14879 86
9781 12024 86
9781 2987 86
8589 10380 1052
11942 8496 319
3766 7405 1241
6532 5833 511
3219 581 1058
6378 12461 313
8650 3399 1259
970 11738 442
4078 491 123
8269 6352 86
8269 8290 86
8269 41 86
8269 11031 86
8269 5214 86
8269 7824 86
8269 12757 86
8269 6619 86
8269 12799 86
8269 12449 86
8269 10853 86
8269 11732 86
8269 8782 86
8269 14167 86
8269 3468 86
8269 12879 86
1457 5181 76
4055 6881 879
222 8395 319
5852 5844 355
2869 8773 1058
13591 3706 675
4421 4167 738
13826 348 781
1674 10912 12
14826 11406 396
5912 13442 583
13694 6522 1259
6781 510 723
6781 5070 629
14491 9785 1134
6768 5269 493
9979 12796 1150
1726 7728 76
1726 10993 76
7471 9125 511
8683 10689 485
13064 71 250
3292 12654 680
8011 1819 723
10223 12012 1228
12288 7731 329
14287 4536 354
6856 5098 261
888 2910 1095
8393 11349 250
8393 12636 1045
4160 6224 355
4943 241 42
3506 9030 583
14914 8490 861
9790 10935 302
13007 246 1221
11005 12667 1150
86 2640 801
11812 2861 1147
14426 6642 1023
5388 5833 573
5241 2963 1339
1647 14005 1085
5194 13582 329
12627 4493 958
1347 11541 1058
28 9374 1259
12455 6390 1058
1214 1920 1150
14510 4260 485
3457 7220 1339
13534 730 996
4300 1014 583
343 6346 1259
4358 9922 1147
4358 6103 1147
4358 4309 1147
5590 4499 1034
5590 10685 1034
5590 2555 261
5590 11158 261
14103 2289 583
14103 8859 583
14103 3457 583
13698 14191 485
11444 9152 958
11444 3198 958
6949 13847 354
13482 8472 573
1880 1880 958
4620 13821 355
12937 5212 1147
7628 5776 582
13367 7671 76
13588 6829 268
9085 4400 355
7213 3841 324
1039 13992 329
1039 10785 329
1039 1345 329
4344 4171 355
3727 2826 438
13354 1582 971
6019 213 89
4598 5409 606
12176 14828 1275
819 5972 768
7062 13794 573
6526 7516 1103
5329 13158 319
6726 3979 1342
12592 358 329
12245 13736 334
12245 3981 512
13147 6134 1045
13147 252 1045
14046 2737 511
8166 2690 319
3702 12247 573
4626 10741 429
1697 1329 1058
8267 9475 958
6178 9038 1147
6346 384 1058
5998 9423 971
6004 515 429
2633 6068 1058
12526 8066 631
470 10562 933
470 12278 933
470 10105 42
470 622 42
470 5525 42
470 1418 42
470 5630 42
470 8263 42
470 7295 42
470 11835 42
470 2017 42
470 5207 42
470 5765 42
470 12876 42
1685 2620 409
13222 13616 511
8974 5877 723
2122 13047 302
3256 8983 319
6184 7414 549
11087 4820 461
12230 7505 429
13551 3456 461
12050 3011 429
10041 5483 773
2346 3154 39
3398 13830 76
827 8599 511
14404 2082 268
9781 14727 86
9781 8877 86
9781 11538 86
9781 3354 86
9781 2300 86
9781 12181 86
9781 544 86
9781 6638 86
9781 7919 86
9781 520 86
9781 3444 86
11922 10870 963
6970 3591 461
1292 10783 1147
2986 1418 1058
7285 4452 354
1741 7151 1147
1622 2716 319
7486 14200 1058
8866 8340 442
4078 3748 353
4078 13309 404
8269 11715 86
8269 7996 86
8269 4594 86
8269 1775 86
8269 6869 86
8269 10513 86
8269 14780 86
8269 418 86
8269 14885 86
8269 6811 86
8269 13414 86
11825 11424 971
1457 816 76
1661 5629 353
10536 7992 268
4055 7686 879
12671 13602 396
2554 8085 511
13301 3403 429
13301 8203 429
6388 7727 1058
11411 10720 801
7869 11485 578
7869 14487 578
7595 3054 324
2344 4964 736
5760 4025 39
3951 10731 511
5912 6139 583
4931 9817 971
13694 9433 1259
13694 9440 1259
13694 13575 1259
13694 6679 1259
13694 10271 1259
2313 10760 872
4792 7129 461
10158 4029 329
6781 13277 723
6781 8283 723
2302 7920 429
12846 14328 355
8611 13347 1241
10178 8338 461
8353 931 527
9297 2547 429
12149 9006 1147
12486 6027 335
2407 11268 583
13284 11638 1147
2459 4302 429
2351 9368 355
2334 12239 251
2746 6100 1283
7997 1697 329
2333 8134 429
7313 12785 461
14506 9585 76
1857 13522 355
14458 10419 1147
3068 8009 1249
2747 3515 1344
6537 13503 438
4702 2044 89
6083 4155 698
6131 1150 251
8393 8756 123
8393 12449 60
8393 519 60
8393 11106 60
3623 3598 355
4943 301 42
1452 11633 1058
9241 12624 723
10993 6463 511
2331 8929 1339
7991 12032 461
5421 11531 1058
6325 2217 738
9846 6463 738
12527 14725 429
5185 9160 511
5903 5977 429
8152 5994 1147
13636 8209 861
8505 5002 302
5519 12530 1275
2931 10741 1058
8350 13454 1147
8965 7363 717
8965 1878 717
6319 13558 1058
10183 10970 461
4358 10845 1147
5590 7597 261
5590 3251 261
5590 11915 261
14103 11172 583
608 14764 776
3834 3889 302
4013 13429 894
5703 3021 485
13918 4197 1275
3330 5715 774
8973 2969 461
14779 14507 429
2765 10716 89
11621 10381 801
5081 13158 1147
10243 11989 450
12592 11695 329
12592 853 329
12245 11973 334
12245 12589 334
2691 10843 438
12493 4894 1147
8848 7175 1058
6613 390 442
8534 7911 1058
8964 5328 461
3534 6145 830
5264 12569 1275
5264 4332 1275
14933 4579 261
470 9388 933
470 4404 42
470 11722 42
470 11941 42
470 9252 42
470 236 42
470 8953 42
470 5607 42
470 6194 42
470 3425 42
8621 583 1147
13858 3388 1331
4094 5592 1058
9501 14635 461
10254 10286 1058
8204 1940 1058
12230 9426 429
12050 14681 429
9298 405 571
11357 6571 896
1276 14082 649
9781 10332 86
9781 11656 86
9781 7007 86
9781 6891 86
9781 7485 86
9781 1681 86
9781 7707 86
9781 10732 86
9781 6961 86
9781 10608 86
9781 2270 86
9781 12303 86
9781 1787 86
9781 5748 86
9781 994 86
731 3807 319
13702 563 511
4851 12068 1147
6727 773 450
11387 2486 774
12720 10566 1058
7285 3690 354
7285 14709 354
12782 14409 429
2645 931 1147
2645 9640 1147
10036 7958 1147
1286 384 486
14580 12531 571
13188 851 573
8866 14942 442
7853 9599 438
954 7845 1147
8269 8539 86
8269 7545 86
8269 8612 86
8269 2524 86
8269 9374 86
8269 4425 86
8269 1815 86
8269 9511 86
8269 8671 86
8269 13389 86
8269 5422 86
8269 8599 86
8269 7901 86
8269 12450 86
8269 12619 86
13315 7986 1058
7787 3785 1147
4584 12257 76
14403 13806 429
14267 8658 1049
6000 4519 355
14925 13434 1147
4746 740 106
14302 492 573
2313 262 872
2313 11339 872
2313 1453 872
6781 3882 723
6781 7453 723
6781 4791 629
2302 11500 429
1391 8219 1103
9297 14443 429
263 574 1147
2407 2819 583
2407 10204 583
2407 9928 583
5727 10843 461
5053 8131 485
3414 12834 1259
8294 4185 1147
4398 4118 1058
7997 3513 329
2333 8340 429
8011 5604 629
12288 12492 329
11155 11543 1147
6856 12574 1339
5056 9586 302
14111 4141 511
2903 1166 1039
986 8601 801
582 3509 355
8393 13 1149
8393 4668 60
8393 13595 60
8393 376 1045
4943 9464 42
4943 11838 42
707 3888 807
681 1945 461
804 13062 89
7086 3721 861
10172 4905 888
5072 14802 1089
14426 4343 1023
2307 6587 407
13500 1119 354
6624 12281 1058
10729 5711 1058
5644 11118 774
3402 2554 1241
8549 3124 578
8549 5882 578
2787 6561 1058
12627 3813 958
9632 8505 429
11288 9307 1139
2931 12652 1058
2931 1958 1058
3802 9983 899
3457 7135 1339
3566 3798 629
13013 12750 571
4300 1455 583
1658 10569 1058
5590 10688 354
5590 5101 261
5590 12554 95
14103 486 583
5358 12286 736
6612 12180 631
6711 12799 429
9960 7136 971
4132 3065 573
12796 11369 89
6165 10858 1147
7679 10712 1058
7679 10108 1058
7953 11404 249
5426 10143 76
6741 6258 1275
1039 2460 329
4344 4235 355
6019 2500 89
7529 9300 900
11055 3767 1058
12592 8923 329
9198 10108 1058
7111 6834 773
4688 8256 354
5624 8835 773
1037 13337 1058
2279 8826 1241
10044 5524 380
6556 6817 355
6556 2192 355
470 8395 42
470 6205 42
470 5608 42
470 9720 42
470 8743 42
470 1840 42
470 12163 42
470 533 42
470 216 42
470 5859 42
470 2320 42
8621 6154 1147
13858 9719 1331
12018 5820 573
7710 4256 302
9501 12363 461
9140 1822 355
12230 5436 429
12230 5636 429
14785 3293 222
2839 544 781
2839 7010 781
8605 7632 461
1990 6465 76
1990 14554 76
14404 1496 268
9781 4531 86
9781 7035 86
9781 11325 86
9781 704 86
9781 8 86
9781 11606 86
9781 198 86
9781 8721 86
12374 2197 461
13700 13880 774
13374 11829 596
7285 10980 354
7285 1176 354
7285 1479 354
1286 1453 486
4078 10954 123
8269 13724 86
8269 186 86
8269 12878 86
8269 14544 86
8269 5353 86
4055 7721 879
4055 13279 879
11411 2479 1275
11377 9308 166
5018 6751 319
13591 13161 900
3858 483 76
3858 6469 76
14302 2912 573
5760 4591 39
5760 13319 39
4202 10107 1300
13694 2111 1259
10158 5156 329
7432 12247 633
12639 4843 511
7910 2323 723
7910 2489 723
14180 2649 1275
2407 10706 583
2407 2588 583
2407 10810 583
2407 9072 583
1488 3527 355
3414 8029 1259
13064 8902 432
7313 3372 971
8011 7464 723
8011 12770 723
8011 12363 1275
13951 3159 971
14458 12906 1200
2254 779 485
8393 3073 1045
4943 3857 42
5296 8927 213
13510 5636 1147
10056 8454 781
9241 14429 629
8993 9075 461
13757 7081 1147
9399 3889 461
10163 13539 1147
9358 3501 485
86 13928 801
7508 7764 329
8114 12079 461
587 11756 1147
13118 207 0
2327 4631 801
2327 8321 801
9240 12353 260
14602 378 971
895 12926 429
6546 12780 594
1435 381 461
13116 5604 927
3289 3272 573
8644 3459 354
1948 2449 319
13335 2464 1147
5299 6831 1147
14885 11831 1147
8549 3503 578
7652 9988 485
14505 10406 1147
14480 5761 485
12627 12513 958
5642 11496 429
12455 7209 1058
141 4791 1147
2119 4168 1108
3457 2211 696
10183 3846 461
11013 4505 573
12375 4274 573
5590 1748 1034
5590 10941 1147
5590 452 1339
5590 9921 261
14141 509 992
2043 13821 324
8105 9332 1027
7610 62 629
12937 6595 354
12688 9518 631
14906 13808 573
13829 9707 354
6062 3868 319
13588 3586 268
12016 8682 485
5908 6642 1058
1039 602 329
5764 12170 1147
1483 10876 261
10470 11549 493
2720 2641 319
10681 22 355
14779 6232 429
13589 12522 429
6726 63 1342
2014 3745 354
12245 12023 334
13147 11911 1045
12493 9255 1147
2284 4749 571
11544 10608 1058
14922 5885 631
5763 10811 801
7497 392 861
9062 5605 396
8997 9600 781
6338 3509 355
470 7411 42
470 14767 42
470 8995 42
470 1276 42
470 5080 42
470 1701 42
470 1023 42
470 8826 42
470 1942 42
470 12254 42
470 11363 42
1090 9470 774
10800 4981 1147
12230 3896 429
12230 4792 429
12230 4092 429
5463 5177 971
1249 1792 896
2673 12904 1147
2016 543 754
9248 6412 738
9781 6036 86
9781 6068 86
9781 3874 86
9781 6439 86
9781 3876 86
9781 11502 86
9781 11718 86
9781 13732 86
9781 7771 86
9781 1910 86
9781 11838 86
9781 4479 86
6727 12389 450
8440 1113 33
7373 6060 791
13700 5359 710
3997 13321 319
885 6962 774
8650 6040 1259
8650 6464 1259
1622 7590 319
2645 13110 1147
800 14807 631
13200 6572 928
8269 9295 86
8269 8846 86
8269 7730 86
8269 14452 86
8269 4072 86
8269 3013 86
8269 2155 86
8269 7709 86
8269 1666 86
8269 3845 86
8269 14271 86
8269 12474 86
8269 5512 86
8269 219 86
8269 8584 86
8269 13218 86
8269 13276 86
8269 14532 86
4584 9467 76
1661 13856 60
1661 12380 60
711 3407 511
5689 8546 429
13301 12917 429
14913 4248 590
606 5964 354
7869 1713 578
1674 12131 12
7277 10937 450
3874 5675 442
13803 3113 741
8932 555 1058
2313 2126 872
4792 4748 971
7998 2200 461
6781 3094 723
2683 9853 511
1920 7835 89
9979 774 1150
9979 6897 1150
13807 4545 319
12857 2375 1150
11831 666 461
2407 10847 583
2407 5505 583
4573 37 319
3414 9884 1259
7997 14079 329
14757 5664 916
7313 14876 971
3292 5712 680
1830 4979 529
637 13365 736
12093 2808 429
12288 1892 329
9927 9059 1058
14429 10873 663
3068 1414 89
2417 1312 573
13011 11505 1058
888 2421 1095
3031 13142 441
1413 10873 819
8393 14465 123
8393 7476 1045
4218 3116 1058
4068 13794 861
5422 2870 842
11814 3849 1147
11932 5583 755
7479 13380 329
8993 8668 461
11542 11208 461
8886 4638 1147
10595 7270 1103
1947 5147 354
14421 4945 801
12415 295 249
11623 2067 76
12362 11931 1147
7781 4094 329
7991 14042 573
9222 12221 355
10737 14017 1147
13116 7476 927
12186 6814 724
5471 2423 319
5154 5896 355
8549 6791 578
11594 14667 1147
12627 6740 958
5649 8358 1058
3375 8597 1103
4300 2240 583
5590 5024 1034
5590 4968 1034
5590 7788 529
5590 8573 261
5590 7252 261
5590 759 1089
14103 8516 583
4132 3582 573
12937 7175 312
12937 8254 1339
7628 14192 582
7628 8845 582
2681 14060 0
5908 12253 1058
14534 1076 1147
1483 7561 261
671 12019 781
12601 14591 1147
2890 4470 1342
14779 14728 429
5559 9006 429
5038 6383 432
5804 5957 1147
12245 711 334
12245 4277 334
5547 11798 574
11544 13144 1058
9410 14840 302
7920 10207 573
8267 4542 958
1749 190 511
774 3822 89
7297 4400 89
14700 11195 166
6004 13482 429
12401 9272 355
470 505 933
470 3751 42
470 2980 42
470 7007 42
470 14388 42
470 8620 42
470 13101 42
470 648 42
470 7456 42
470 7531 42
470 5813 42
470 3122 42
470 3851 42
470 5353 42
14422 5541 1147
11704 8990 461
10263 11293 319
12018 2535 573
12018 14343 573
448 4186 583
1976 7234 76
12230 6779 429
12230 2055 429
12230 6157 429
12230 11001 429
10653 8836 1058
2839 9457 781
11962 7430 1300
2346 8520 39
2346 5812 39
2874 2801 774
14686 4910 461
2286 12774 680
9781 10049 86
9781 11094 86
9781 10430 86
9781 8260 86
9781 12070 86
9781 3779 86
9781 8343 86
9781 7656 86
9781 4892 86
9781 5416 86
9781 4365 86
10495 4922 442
10495 285 1058
8833 5331 738
2939 3288 842
9785 14207 819
8464 12826 493
8464 5321 493
7285 8681 354
9814 4426 1249
12795 9675 450
8269 10116 86
8269 9830 86
8269 9743 86
8269 2482 86
8269 2743 86
8269 2926 86
8269 6562 86
8269 835 86
8269 629 86
8269 6054 86
8269 484 86
8269 5710 86
8269 772 86
8269 14379 86
8269 14765 86
1661 6222 60
1661 9411 60
4055 10543 879
13301 1374 429
4580 13232 1275
7871 13103 35
1952 5125 429
5930 7788 450
4403 13843 1058
6045 6873 719
4746 740 1108
3858 5865 76
5760 9540 39
13694 1194 1259
13694 6685 1259
4792 13333 511
4792 5246 573
2407 8913 583
2407 6494 583
4632 2448 1200
14377 6174 723
1857 213 355
14458 12668 1147
2078 3350 1058
8575 13489 971
8575 13489 511
14056 219 461
888 6138 1275
2668 13161 628
6083 14770 432
14242 10809 319
8393 2212 1045
4943 7469 42
4943 11269 42
11501 4643 830
2948 47 774
1452 271 442
4218 13209 1058
6471 5979 573
1296 14566 213
9790 13566 302
5049 4608 573
5673 9623 781
3971 8450 1147
7535 6342 1058
10169 300 485
162 5723 774
10608 8085 461
10172 6121 888
11257 4057 1147
2250 6454 319
2327 14138 801
11979 14490 1275
6306 2197 302
2508 909 631
9353 11124 319
520 7071 571
10741 2239 971
12303 9553 781
10155 11919 1058
3657 10403 354
2787 11637 1058
12455 12255 1058
463 10530 971
3504 7588 485
10206 7409 222
14181 13625 774
13013 10881 511
3375 535 1103
3375 11467 1103
4300 3016 583
5557 6378 1181
9138 11722 429
4358 1931 1147
5590 11956 354
5590 3320 354
5590 12376 261
5590 8161 261
5590 4671 95
11687 4118 1241
11444 3990 222
4013 956 894
8332 3624 1147
13168 12151 511
2696 5175 1339
10638 8306 461
6685 4218 1039
10519 13715 1058
13692 12125 206
7953 249 801
13306 5660 842
1039 2608 329
1039 1700 329
1039 2717 329
9533 11670 1151
13679 10939 99
9772 13855 781
14779 796 429
12245 6876 334
12245 2508 512
9719 10349 971
10813 2647 1275
13743 2031 1117
3055 1964 549
4077 7847 1147
10044 4016 380
12526 7761 319
2709 10103 1147
470 6688 933
470 13177 933
470 13873 933
470 12965 42
470 4376 42
470 7774 42
470 1093 42
470 13930 42
470 12838 42
470 375 42
470 10083 42
470 2144 42
470 4239 42
470 4742 42
470 784 42
8510 8701 98
9381 7326 1058
6889 11159 1058
8974 63 629
3752 2427 971
13838 5321 1120
5919 114 1058
10920 14530 571
2839 4651 781
5648 13682 1147
11926 891 89
10902 13475 1147
5039 13336 442
9781 2828 86
9781 2355 86
9781 2203 86
9781 2756 86
9781 9130 86
9781 10420 86
9781 1465 86
9781 5730 86
9781 8192 86
9781 2662 86
9781 2761 86
4142 6289 1147
12374 11606 573
12019 14213 319
9327 936 527
6532 12622 1249
1 9376 89
8650 2828 1259
8650 4199 715
9145 5091 1147
1522 13948 775
13736 13709 511
7853 8895 438
8269 11145 86
8269 6642 86
8269 689 86
8269 14372 86
8269 6596 86
8269 13634 86
8269 11085 86
8269 6803 86
8269 11634 86
8269 8760 86
8269 12874 86
8269 2552 86
8269 12315 86
8269 217 86
8269 5391 86
4055 6490 879
1808 10730 1100
10194 14072 572
5689 9675 429
13301 574 429
6000 1153 355
2940 8355 573
10646 11044 461
3445 421 801
2667 1609 511
7397 1080 1147
7277 3484 450
14302 8027 573
5912 6084 583
13694 4828 1259
13179 2980 319
2313 5256 872
2313 1011 872
8444 13107 842
6781 12918 723
6781 5525 629
4622 7356 571
7432 3189 717
14491 1440 1299
6703 2622 461
6768 5241 493
5455 12982 319
1072 2790 1147
1757 10276 438
5003 6020 442
8353 935 527
8897 14444 461
2407 4514 583
2407 14601 583
3414 8652 1259
2333 9282 429
10542 4483 1058
11352 14298 319
12252 11910 355
4661 5046 1331
888 7324 1275
2903 1076 1058
8393 9751 1045
8393 4321 1045
8393 1332 1045
8393 11720 1045
3623 1508 355
3623 4959 355
3506 14574 583
10204 11766 485
13791 3762 1139
2654 421 1058
1364 4070 527
8218 6994 324
9728 13808 355
6854 7636 1039
8887 2212 1147
13118 759 0
2935 13025 319
5388 13782 573
5421 9361 1058
9561 7403 461
2932 6747 568
9222 6261 355
1210 14128 468
7087 10105 76
13380 8115 1058
8264 12683 1275
8003 8130 89
5903 6219 429
5903 7455 429
5903 14774 429
2705 4158 571
8549 11924 578
8549 13688 578
2787 11787 1058
14368 13172 1275
12627 10555 958
4088 12000 461
7189 1202 60
9305 5822 278
3385 13047 1103
2119 5525 106
3375 11712 1103
4300 9968 583
4300 14555 583
4300 7375 583
9138 6011 429
12375 60 511
4358 8023 1147
5590 8515 1339
14103 11507 583
13006 14432 511
4089 10339 461
13178 3329 511
12295 5432 429
2457 2457 893
11846 11084 1058
9350 8725 630
10977 9153 429
8483 8298 971
4857 1492 76
6685 7801 1058
6006 4241 354
7010 440 773
1039 16 329
12345 9412 461
2386 7921 1249
13137 7877 319
1456 6859 76
14122 4263 461
2765 2129 89
6726 14010 1342
12245 4148 334
12245 10077 334
12245 1270 512
12493 1308 1147
14046 9757 511
5208 10306 511
2488 2501 1058
5612 169 76
6923 10900 1058
4626 12706 429
6318 3540 9
8964 3402 971
5264 309 1275
485 741 1339
3412 8263 319
546 1020 1058
7581 8595 971
470 9578 933
470 4024 933
470 1912 42
470 12402 42
470 987 42
470 12579 42
470 10392 42
470 6904 42
470 13647 42
470 4682 42
470 2070 42
470 10509 42
470 6069 42
470 5778 42
470 13053 42
7206 30 319
4502 7467 461
12018 14024 573
13222 8880 461
3386 6774 781
14797 14707 1058
14797 697 1058
12230 11064 429
10394 14086 407
2055 10199 461
10060 8284 429
9781 10625 86
9781 10026 86
9781 2420 86
9781 8479 86
9781 8513 86
9781 2024 86
9781 4221 86
9781 8675 86
3305 14305 355
9154 6584 1331
11474 4587 355
6532 6364 1249
2305 5051 1335
3219 10989 442
3219 13456 1058
8650 11793 197
8650 6995 1259
8113 398 12
13039 9056 319
5372 2168 1149
8866 5049 442
8269 3309 86
8269 7898 86
8269 11485 86
8269 5093 86
8269 5246 86
8269 9479 86
8269 4261 86
8269 3154 86
8269 1946 86
8269 11972 86
8269 10841 86
8269 8042 86
8269 4331 86
8269 11775 86
8269 12428 86
13315 4563 1058
7031 6725 511
1661 416 60
1661 13880 60
14403 2463 429
4055 13481 879
1236 2487 1058
3018 7656 429
208 13055 966
1166 11901 1058
7869 14713 578
7199 138 971
6825 11450 893
8591 2850 76
5956 839 1058
605 6110 738
13694 6797 1259
2313 442 872
2313 1937 872
2313 14702 872
4792 7129 971
6781 5290 629
7432 12901 963
1729 10691 319
13476 7250 896
1726 4620 76
6548 3641 485
12486 12511 1275
2407 1494 583
3688 14190 1058
12288 1127 329
11155 9665 1147
4535 1867 354
14458 13726 1147
6856 13946 1089
888 10993 1095
5776 1735 1058
8393 6074 60
8393 12211 717
4943 4478 42
9241 1440 905
13791 9210 1139
7684 7293 9
13547 863 76
13547 2421 76
13007 10283 258
3245 3969 1275
1578 7632 1275
6153 7212 631
1516 9357 319
4660 9411 629
12090 10402 631
13116 13013 1019
5903 8263 429
8780 41 12
7198 6856 1323
14885 3917 1147
8549 8611 578
4942 8338 461
10994 4913 861
4884 14094 1058
2119 241 83
5286 5405 429
13276 11332 773
5590 6873 628
5590 14267 312
5590 4179 261
5590 13349 261
5590 6870 261
14103 2895 583
14103 12149 583
270 4278 1058
6374 10866 76
1580 10534 1147
1039 14079 329
1039 13387 329
4812 11417 1147
13549 6107 461
14779 4692 429
7820 8041 1200
3416 13981 1147
8570 3771 1275
10243 8023 450
12592 13582 329
12245 12181 334
12245 9091 334
2773 13052 861
12493 12642 1147
10619 13841 573
7388 10922 166
8682 9952 1147
6981 5821 736
6178 14805 1147
7553 3747 89
8997 4481 781
9704 8778 573
14700 2299 590
14700 6155 590
430 11910 511
12633 10109 1339
424 14317 312
7581 8963 461
470 10390 933
470 1652 42
470 13291 42
470 12818 42
470 12350 42
470 3388 42
470 12652 42
470 7575 42
470 13884 42
470 5504 42
4502 10581 438
1712 1761 1058
7591 2826 717
1976 12973 76
12230 13933 429
7039 14707 509
4445 543 1147
6986 6633 1139
2346 5344 39
4869 7697 511
5840 9947 1147
14404 4404 268
9781 10747 86
9781 10347 86
9781 11704 86
9781 4156 86
9781 10859 86
9781 7883 86
9781 6922 86
9781 9974 86
9781 5439 86
2501 219 355
10830 13749 1147
11649 11093 571
7312 5580 801
6727 6003 830
12568 4196 335
3219 1 1058
1097 1097 485
5386 10567 1312
12795 8933 830
4241 2569 1147
8866 8214 442
6270 1614 335
8269 496 86
8269 3264 86
8269 8613 86
8269 11675 86
8269 3409 86
8269 3746 86
8269 12744 86
8269 12108 86
8269 4550 86
8269 10755 86
8269 13404 86
8269 14095 86
8269 11642 86
8269 14713 86
8269 14284 86
8269 6406 86
8269 8391 86
13315 4145 1058
1457 7104 76
4055 6116 879
281 14684 461
11411 1117 1275
11161 497 76
7871 3673 35
6614 4293 485
13591 9300 900
3351 3239 971
7398 7839 407
2855 2179 692
10238 1724 1058
13694 10495 1259
13694 7187 1259
2313 1249 872
2313 5027 872
4792 9412 971
4792 5486 461
10158 4561 329
11374 1701 319
6988 9150 645
7883 1576 319
6850 12641 485
14081 5681 429
12857 10049 1150
14338 9230 12
2407 3776 583
2407 11471 583
2407 6850 583
2407 13543 583
2407 11458 583
5921 6866 1058
11781 8111 1052
2333 12135 429
7313 9909 461
2796 2796 958
8304 5341 717
6939 11068 98
1494 12445 1147
12252 11697 355
6856 10580 261
9168 1496 1058
3031 4303 441
3031 4659 441
5801 9918 1139
8393 1681 963
8393 5396 123
8393 10490 60
8393 4042 60
8393 1705 1045
12357 1000 319
3506 10246 583
14914 5770 861
1900 12512 429
2384 4631 442
7479 13387 329
8218 5573 324
13876 3239 355
1523 2001 115
14214 1143 354
2221 3473 1058
5540 12181 527
13437 11016 9
7715 6020 208
1854 13062 1275
9484 9689 1058
13957 14060 1058
13118 14499 0
883 9741 781
175 8489 568
6088 14074 1249
8740 11999 319
895 1087 429
7087 11836 76
2781 13145 774
9303 8985 438
5903 12532 429
14347 2316 971
14885 8492 1147
1773 6205 76
11710 1561 1200
11152 4949 1040
11288 11332 1139
3385 14074 1103
3385 5573 1103
902 11617 485
9965 8734 319
8944 1835 1058
2119 302 106
2999 6384 319
5380 10076 2
7330 6344 429
4358 1329 1147
5590 11939 261
5590 4165 261
5590 14400 261
5590 10396 261
5590 13734 789
14103 6614 583
46 7303 461
3553 3793 1052
3834 3579 302
7628 305 582
7628 12808 582
4344 12072 355
11145 8250 631
5805 7208 980
6526 12808 1103
3470 1818 355
11055 13525 1058
10243 1442 450
12592 3620 329
12245 1749 334
12245 3121 334
14040 4804 438
2322 8756 1058
7868 8297 1249
4626 11000 429
14796 5969 781
14796 4210 781
7905 10667 578
4077 7991 1147
10576 1449 971
6326 6438 849
470 7898 933
470 5299 933
470 2201 933
470 9148 42
470 7326 42
470 13733 42
470 5428 42
470 6574 42
470 238 42
470 10543 42
470 13682 42
470 10558 42
470 4384 42
470 6831 42
470 9657 42
8974 50 723
12986 6555 302
13815 2761 429
7591 616 717
10200 7315 319
12230 1599 429
10902 12202 1147
14633 6338 319
1990 9719 76
8566 3518 1084
2286 5812 1023
9781 11632 86
9781 11634 86
9781 13080 86
9781 9049 86
9781 266 86
9781 11220 86
9781 1547 86
9781 7288 86
9781 5674 86
5043 14684 1275
7374 2543 33
11584 7149 1275
5437 1326 1058
3219 9999 1058
7285 1297 354
7285 14225 354
449 7073 319
586 11775 461
4078 5880 60
8269 7124 1078
8269 9485 86
8269 8029 86
8269 4271 86
8269 12167 86
8269 3634 86
8269 11035 86
8269 2342 86
8269 10846 86
8269 10209 86
8269 4891 86
8269 10439 86
8269 6906 86
8269 14315 86
8269 6110 86
8269 9680 86
8269 14878 86
8269 6202 86
8269 4219 86
1457 3964 76
6617 3000 842
1661 2417 60
1661 7537 60
1661 11964 60
7607 7283 738
14913 2601 166
3892 9548 1058
13591 13462 675
10568 14033 429
8313 13435 1058
1674 6513 12
4746 6389 83
3858 13488 76
5760 8679 39
3874 1738 1058
13694 3219 1259
13694 11016 1259
2313 2846 872
2313 1961 872
2313 6571 872
2313 10839 872
4792 9909 461
6781 6041 723
6781 11645 723
6781 11655 723
581 11450 89
2302 543 429
2302 8325 429
5570 3884 302
2024 10017 1052
12580 9273 631
1726 4325 76
6906 8297 355
11831 8281 461
8094 2500 1249
14338 8983 12
14180 14490 1275
2407 8408 583
2407 9364 583
2407 10130 583
186 14148 355
5786 6053 302
2818 1155 1103
7313 10946 971
13494 9944 95
1409 12396 319
820 1819 257
10181 8281 511
6856 950 522
1477 433 461
2903 3182 1058
8393 3058 927
4943 2879 42
11858 5664 1058
6788 315 355
9728 5415 355
10595 2398 1103
11748 14840 461
7076 11757 355
8366 8248 208
10122 5263 1058
11623 12882 76
13118 2463 0
11772 124 1147
12582 1521 791
6810 10890 781
5903 8541 429
5903 4492 429
3214 7488 839
2291 4454 319
2787 1735 1058
1076 8625 511
12928 2360 432
5642 1811 429
9305 7399 278
14748 5554 461
4300 200 583
4300 6752 583
5590 3016 261
4832 7210 1147
6547 2115 106
4620 8469 355
12796 8000 89
1453 14263 433
6685 3011 1058
11767 8325 76
9681 11166 461
6741 6375 1275
5908 12571 1058
1962 597 461
5764 8213 1147
1483 14206 261
14060 2154 27
2720 14738 319
14122 4749 461
14779 5178 429
14779 12070 429
2523 12260 1100
13523 3402 302
7426 12171 319
4570 13405 461
12592 8308 329
12245 3341 512
12245 11381 512
4941 6098 89
7388 13894 166
7069 12870 313
8997 731 781
13346 5580 450
9886 13281 76
362 10162 571
470 8376 42
470 10824 42
470 4615 42
470 9027 42
470 9758 42
470 3488 42
470 10119 42
470 1636 42
470 5672 42
470 14826 42
470 12251 42
470 7319 42
470 12243 42
470 7323 42
470 787 42
470 6676 42
470 1982 42
8510 11068 1052
12018 1796 573
13222 13059 461
14825 14825 958
8974 1559 723
9501 2500 461
12230 4285 429
12997 1523 511
9435 9059 1147
595 2097 573
2515 5568 355
9781 6049 86
9781 5472 86
9781 13413 86
9781 14215 86
9781 2085 86
9781 4520 86
9781 4847 86
9781 8678 86
9781 10366 86
9781 12223 86
9781 9489 86
5389 8948 573
13671 3366 511
77 1138 1120
9452 10240 1147
2466 4063 511
8650 3515 715
8269 6178 86
8269 9776 86
8269 97 86
8269 6144 86
8269 3040 86
8269 13195 86
8269 10587 86
8269 3474 86
8269 12637 86
8269 14752 86
8269 9736 86
8269 1707 86
8269 8670 86
8269 3627 86
9374 11542 1058
10520 8682 313
1661 6321 60
8138 3407 573
3018 6399 429
208 1748 966
14913 13464 590
5469 6264 485
7869 6028 578
5852 4730 355
8313 11884 1058
3698 5574 715
3158 14887 511
5760 13396 88
4841 5841 450
13694 9381 1259
14005 10557 717
7432 12495 717
2302 14263 429
6768 6856 493
1920 9571 89
12958 9439 755
4224 6692 429
11690 2349 1016
4627 1981 1331
6134 228 511
1726 11161 50
13129 10917 396
11307 6590 329
11173 9885 861
2407 5840 583
2407 5989 583
7471 1732 511
7653 8006 1058
7250 5763 335
11369 41 1241
13064 5073 123
4719 12471 839
2333 6552 429
14377 13034 723
12093 13101 429
12288 8078 329
10732 7198 1058
9614 3356 736
13192 10917 1249
6856 1233 1339
6856 10036 1339
8575 5294 971
8437 14290 398
6143 6989 355
8393 5765 1149
8393 12085 60
8393 14592 60
8393 10473 1045
8393 10741 1045
4943 4020 42
4943 9574 42
1444 439 461
7684 566 1117
3340 9554 675
8233 3007 1058
8 13295 319
2990 9058 801
6638 12603 27
5550 5289 1147
14499 9179 1200
7242 12790 432
1054 7590 60
5241 3948 354
10741 10816 971
2032 12473 355
10406 465 1200
12527 12505 429
13636 4339 861
7189 6636 250
3385 12883 1103
3385 9271 1103
11657 9021 355
12293 5251 355
4300 7092 583
4300 6296 583
4300 12441 583
5590 14287 1339
5590 5348 261
5590 4152 261
5590 2475 1016
13209 12647 571
10377 3272 355
7555 1298 83
5657 9760 1058
12216 9218 945
2226 6836 493
7106 8538 1147
1039 5308 329
7963 1594 801
1483 5388 1147
6753 12625 485
5074 12241 1058
12722 5834 319
6526 13417 1103
7993 8248 522
10243 13831 450
12592 10271 329
12493 6266 1147
4941 3429 89
8239 8047 774
4173 2263 355
1385 11539 485
8997 8169 781
9704 6098 971
12748 4564 594
470 2454 42
470 5091 42
470 13222 42
470 3896 42
470 14143 42
470 8407 42
470 3544 42
470 10171 42
470 1969 42
470 7124 42
7802 4036 429
1565 5077 324
8621 4678 1147
7710 9599 302
14846 10195 861
10252 11500 429
4544 8248 522
12230 7665 429
7002 3499 774
1276 12361 1029
9781 5822 86
9781 7686 86
9781 14271 86
9781 9242 86
9781 440 86
9781 159 86
9781 14017 86
9781 10739 86
12289 14355 573
10495 8735 1058
11584 8523 1275
3070 11954 896
8121 10490 1058
2466 4913 971
6532 13782 511
8833 10244 738
13103 6688 354
3219 9222 1058
2986 12969 1058
7285 10017 354
4078 121 353
8269 9456 86
8269 2789 86
8269 5926 86
8269 13979 86
8269 1729 86
8269 8294 86
8269 12332 86
8269 11111 86
8269 11001 86
8269 8980 86
8269 2121 86
1457 6365 76
11447 12059 1249
8138 3066 461
632 14440 511
5689 936 429
13301 9071 429
11377 10228 166
5269 3056 312
14087 1560 76
8591 10168 76
2339 5010 1147
13694 3548 1259
13694 3160 1259
13694 7653 1259
13694 13095 1259
4049 2611 996
6781 7278 723
6781 9984 723
6781 4925 905
6988 5359 645
2146 2490 1339
11521 13886 1147
5570 12868 302
4507 3342 971
9297 10777 429
14180 12237 1275
2407 958 583
2407 14702 583
5105 13125 319
2333 5382 429
3292 6759 680
1669 10518 183
8033 14613 355
14111 13314 971
2668 3706 628
1745 12696 438
14029 513 1108
8393 14303 353
8393 14465 60
8393 14119 60
8393 7228 1045
8393 9102 1045
4943 12106 42
8937 7728 76
8937 2954 76
13007 1325 258
13431 8085 355
14214 5099 354
13437 3845 9
11842 2942 1147
6882 720 971
5388 4071 461
14266 5442 485
2032 10717 355
11348 11959 76
2214 9349 1147
5133 1971 319
5903 12742 429
14347 1261 461
14885 2317 1147
12605 3402 571
8549 9757 578
3657 9388 354
6360 7791 461
2931 8066 1058
3802 5801 899
14772 13530 355
4945 3498 971
13451 7097 461
3457 14273 996
3457 8654 95
8965 12674 1100
10752 1704 900
13013 10668 571
5590 10979 261
14103 7120 583
14103 13809 583
7567 12398 1058
4832 6312 1147
1765 13157 1058
4857 1901 76
13720 14423 1058
5908 6266 1058
5908 3663 1058
5908 5960 1039
915 14060 916
12890 14213 1147
13549 12263 461
14779 10802 429
10786 12511 573
6526 2903 1103
11055 14138 1058
8570 10113 1275
12592 4271 329
12592 668 329
12245 8066 334
12245 8835 334
12245 7730 512
2019 1440 442
11544 11074 1058
10341 10512 1023
7388 6230 166
880 11 1275
4626 839 429
4626 12605 429
6318 4138 9
13948 10484 1147
11656 2665 354
7316 5898 781
4688 13842 261
1881 1592 971
8260 12101 355
7553 12785 89
1402 8137 1147
14755 10373 355
7112 2334 606
7112 11270 828
13954 12030 1052
470 84 933
470 10755 933
470 1830 933
470 11801 42
470 13549 42
470 6672 42
470 10490 42
470 10712 42
470 1018 42
470 3809 42
470 3225 42
470 4075 42
470 12816 42
470 5023 42
470 11118 42
470 2452 42
8621 10213 1147
8621 13208 1147
9578 14587 258
3462 6472 208
4094 869 1058
12528 11990 461
13815 6344 429
10254 10324 27
12230 12449 429
12230 7931 429
5447 11403 774
14633 4291 319
10501 211 438
9781 5074 86
9781 5271 86
9781 6163 86
9781 12145 86
9781 7052 86
9781 8087 86
9781 5909 86
9781 14139 86
9781 2546 86
10037 5353 1058
9154 266 1331
5585 6640 774
6532 1592 1249
11856 14454 485
3219 13369 1058
7285 9902 354
7285 1639 354
7285 542 354
12899 8990 511
8554 88 76
4078 491 250
7271 10324 1241
10748 1036 573
8269 7541 86
8269 933 86
8269 7764 86
8269 12646 86
8269 3381 86
8269 14667 86
8269 8014 86
8269 11730 86
8269 25 86
8269 10056 86
8269 14386 86
8269 13323 86
8269 4873 86
8269 6448 86
8269 9999 86
8269 5343 86
1661 5293 60
1661 6692 60
4055 9171 879
14000 4158 971
10646 5335 573
10646 1489 573
3445 5270 801
7398 14389 407
13923 1396 9
3858 14190 76
13694 13779 1259
2313 7820 872
2313 13162 872
4792 9419 971
5929 3646 801
6781 7942 723
4423 6849 1150
1726 13003 76
12499 13260 355
13807 14251 319
13807 9252 319
11204 2731 571
6548 3068 1147
14338 14793 12
14004 13068 249
2407 3794 583
2407 9921 583
2407 4428 583
7806 14312 438
13284 7230 1147
9059 8617 511
5786 7673 302
3414 4623 1259
2333 3024 429
12288 12808 329
1857 11091 355
1208 9636 1058
4661 2954 1331
6856 7219 1339
2668 11401 628
8393 7615 60
8522 13821 396
4943 8383 42
6763 7071 1249
1296 5051 213
13544 5431 1322
2384 3002 442
8600 1629 1147
4199 10915 573
1731 14146 1339
6788 13100 355
6638 1942 98
10122 7728 1058
9420 1299 319
13118 7754 0
5388 13808 573
6117 14469 1058
6306 237 573
9222 14042 355
6447 3586 1241
2815 8904 429
11348 7230 76
8264 1453 442
6624 1883 1058
4073 4800 583
13116 1020 927
12071 4775 971
8152 11177 1147
8291 10622 1058
2787 10285 1058
11741 11788 971
3385 4637 1103
8905 5842 971
12194 9542 724
13013 4648 511
3375 12111 1103
4358 239 1147
4358 9098 1147
4358 3133 1275
5590 9427 1034
5590 1021 996
5590 11333 354
5590 13217 261
4832 6844 1147
11444 12327 958
112 12030 442
8939 9711 261
5581 3680 1275
13168 4128 971
12955 11401 708
11294 3400 21
5041 14435 324
6062 754 319
10638 609 573
6685 12389 1058
13588 9067 268
7953 11366 801
5908 6060 1058
1039 5855 329
5775 14148 461
10342 9411 1147
9922 3085 355
13447 9364 354
9022 5560 1225
3264 92 1147
11055 13394 1058
3517 10143 251
10243 13438 450
10243 12038 450
10243 2334 450
10243 6027 830
13147 9818 1045
9410 4915 302
6232 6673 185
5462 196 590
10012 2401 461
8759 11239 33
12651 8749 971
3288 9511 1210
3288 152 1210
10044 10902 380
470 771 933
470 5217 933
470 4342 42
470 1031 42
470 14592 42
470 2087 42
470 4363 42
470 14329 42
470 3243 42
470 8521 42
470 4862 42
470 12820 42
470 10671 42
470 13820 42
470 1445 42
470 6770 42
470 8049 42
470 1188 42
470 3196 42
470 9960 42
7802 2473 429
1685 819 409
8510 13736 98
12018 8962 573
14846 4297 861
8133 11129 1058
8133 9637 1058
2575 13269 1275
10254 10678 1058
9643 7801 1058
3960 596 461
12230 13925 429
12230 3225 429
12230 579 429
12230 11331 429
12230 14821 429
8179 7360 511
2085 4792 1052
12050 13266 429
14785 6572 222
13132 14033 1058
11049 6884 756
9781 13102 86
9781 7920 86
9781 8612 86
9781 2080 86
9781 2342 86
9781 8632 86
9781 6851 86
9781 773 86
9781 1516 86
9781 3236 86
9781 9680 86
9781 1893 86
9781 12721 86
9781 468 86
9781 9541 86
2632 10490 319
1224 5749 1147
2501 6148 355
10370 5358 736
8001 6778 461
11826 1765 1259
2466 4063 971
9749 1006 511
7373 11455 791
13895 5590 206
2310 7756 1058
800 13475 319
4078 4984 60
8269 13485 86
8269 603 86
8269 12849 86
8269 14564 86
8269 5138 86
8269 1396 86
8269 9836 86
8269 5185 86
8269 14498 86
8269 13112 86
8269 9928 86
13315 1120 1058
5913 7334 429
14739 1080 1058
4055 12227 879
10194 8023 572
13301 9051 429
208 5159 966
6150 9007 1147
5469 115 485
9602 12018 1147
6580 12471 971
13923 1711 9
10735 14683 452
5912 11888 583
8087 10213 774
13694 11026 1259
13694 12137 1259
13694 11019 1259
13694 13380 1259
2313 1376 872
2313 12408 872
2313 13538 872
2313 5326 872
10158 5093 329
6781 6302 723
905 7250 830
14340 14305 511
8654 10596 1034
11690 5927 1016
5798 3342 571
6134 9974 971
2407 8832 583
10397 11684 1322
1218 6647 442
677 8218 76
6764 1035 971
10538 8410 738
7775 3557 355
14506 7754 76
14458 2072 1147
9520 2850 774
2285 9295 329
8393 2640 1149
8393 11004 60
8393 782 927
4943 475 42
4943 5391 42
9600 11973 631
13791 10813 1139
13791 1090 1139
12196 8028 355
14214 9712 1147
9097 11604 571
6153 4652 631
3720 9624 1343
12582 1735 791
6810 2975 781
8291 2177 1058
8549 4140 578
2787 12401 1058
12829 9511 842
14772 13333 355
14381 11006 485
6676 6656 511
12375 2300 971
7330 14727 429
4358 7420 1147
4358 9261 1147
5590 14183 261
5590 10733 261
5590 12080 261
5590 14775 95
14103 6293 583
14103 6599 583
14103 11753 583
14103 10891 583
11137 5002 971
776 9971 1147
12796 8808 89
3223 12657 319
6685 2067 1058
2320 3930 839
5772 6265 1052
10470 3608 493
10470 10662 493
819 8175 270
8226 4785 571
14779 6977 429
6526 4731 1103
5969 9094 319
11055 875 1058
5081 3120 1147
12245 4572 512
12493 1150 1147
10341 8724 1023
8166 12566 319
5156 13044 442
3977 6605 511
3059 5473 76
7846 9861 95
1886 4251 319
1881 4066 461
7905 8776 578
12651 8571 971
3288 10 842
470 10439 933
470 12910 42
470 12667 42
470 12866 42
470 567 42
470 2667 42
470 12977 42
470 5128 42
470 12196 42
470 9399 42
470 5229 42
470 13990 42
470 11761 42
470 11585 42
470 517 42
3247 1462 631
8621 3960 1147
12018 8027 573
10800 4038 1147
4623 12305 442
12230 11752 429
12230 13815 1343
7817 12487 971
2346 2650 88
2515 7137 355
9781 14201 86
9781 14646 86
9781 11125 86
9781 9207 86
9781 10872 86
9781 7857 86
9781 10173 86
9781 1918 86
9781 10493 86
9781 4737 86
9781 10244 86
9781 1586 86
9781 7072 86
9781 14676 86
12159 9425 571
11875 12829 842
7285 4666 354
12744 1870 774
6835 315 461
8269 9116 86
8269 13372 86
8269 7163 86
8269 2581 86
8269 11248 86
8269 3369 86
8269 1942 86
8269 5673 86
8269 1373 86
8269 10546 86
8269 9765 86
8269 10 86
8269 354 86
8269 104 86
5913 14538 429
308 14681 1058
14838 1702 1103
2132 9744 511
5040 11911 1241
13923 12779 9
4746 13793 106
605 14305 738
2433 12171 631
13694 9927 1259
2313 3690 872
7998 8802 461
12269 14419 302
14729 4713 485
5455 13525 319
12857 10600 1150
2017 1145 461
7221 210 261
2261 14550 1147
3414 2469 1259
4719 170 839
2333 186 429
14348 851 355
6856 13510 1339
8925 9470 774
888 13590 183
888 5565 1275
971 7126 851
4702 8198 89
6061 4137 1259
4943 14237 42
4943 13084 42
11814 12843 1147
13757 6661 1147
8 1629 319
10595 4701 1103
1578 10790 1275
6153 3424 631
13118 4877 0
11279 662 319
9812 6964 324
5903 10543 429
8492 6257 571
9788 8804 842
11741 8720 511
3385 7129 1103
7472 4148 1241
4300 4691 583
7575 3938 511
3777 10703 861
4358 6445 1147
4358 10493 1147
5590 14204 261
5590 10644 95
5590 14499 522
8931 2143 485
4731 1881 1058
358 11722 1058
12659 9576 461
515 211 1249
11767 1415 76
10740 7475 1139
13720 10866 1058
2121 2810 1147
915 13946 916
1039 1208 329
14779 1202 429
14779 5457 429
11055 2487 1058
3548 4498 1058
12245 12090 512
12245 3223 512
14046 2520 511
766 9725 319
4626 9565 429
3977 8429 571
14721 557 442
8752 9023 1058
7789 1897 319
8534 14498 1058
12934 10559 781
14549 11604 971
362 104 511
470 13958 933
470 7093 933
470 693 933
470 7902 42
470 11420 42
470 13736 42
470 13836 42
470 3142 42
470 7882 42
470 7228 42
470 10085 42
8621 10893 1147
12018 12211 573
911 9031 319
12986 9981 302
6184 2148 1147
3386 5759 842
12230 1685 429
2346 6866 39
9850 8292 319
595 7467 511
1562 7156 319
1276 949 185
9781 14766 86
9781 2401 86
9781 2385 86
9781 13007 86
9781 9570 86
9781 8646 86
9781 4568 86
9781 14588 86
9781 11597 86
5043 8219 522
12374 7015 461
11584 8690 76
8833 6234 738
8464 2146 493
8650 13791 1259
13017 4783 35
5543 2106 842
8554 13434 76
5312 3591 355
426 10099 1058
8269 456 86
8269 1349 86
8269 4721 86
8269 2450 86
8269 7194 86
8269 6580 86
8269 14469 86
8269 8048 86
8269 10583 86
8269 1076 86
8269 7091 86
13315 1912 1058
2292 13433 1058
1661 12328 60
4055 6384 879
4055 11022 879
4055 5556 879
10194 4104 572
13301 6937 429
14913 6332 590
7869 2134 578
7719 3482 432
7398 10644 407
1089 11146 355
4746 5070 83
14302 3650 573
5912 10969 583
13694 10519 1259
2313 12088 872
4792 13333 461
6768 1297 493
4627 13168 1331
6928 13455 1147
8897 4740 461
13735 2479 89
2407 2027 583
7221 8375 1339
3414 4611 1259
2333 3158 429
12288 3474 329
4535 2314 1275
3068 10992 1249
14287 4496 354
947 4941 1150
6856 14106 1339
2903 3568 1039
5776 3474 1039
6131 7271 461
8393 1477 1149
8393 14289 60
8393 12352 1045
8393 2101 1045
8393 511 1045
8522 8990 396
4943 1421 42
10595 7394 1103
10595 4059 1103
14214 10353 354
13330 2987 1058
86 2430 801
11623 8371 76
10172 3293 888
11842 3406 1147
5388 9125 461
6273 14401 1147
4307 1008 1058
4710 8834 1029
13116 11476 432
11790 6396 861
12278 5949 485
5903 8245 429
5903 5084 429
5903 10316 429
14347 5882 571
8549 12073 578
1773 2165 791
11288 899 1139
2931 6975 1058
6172 4217 429
3385 14899 1103
3385 13293 1103
10438 14270 302
6418 5344 270
2119 11483 1108
3457 5256 1339
6319 11615 1058
13013 10668 573
13534 11656 354
5590 10710 1034
5590 1460 1339
6495 144 928
4731 6250 442
13482 7258 573
2497 13159 6
9928 2353 1147
10789 12538 319
6480 3981 781
7628 7738 582
8483 9234 971
4857 14303 1275
12712 872 801
6590 13836 1058
5908 26 842
10734 14716 729
1288 2500 573
2828 2251 842
5772 6265 442
7529 14010 900
5074 11207 1058
12260 12539 573
14779 5812 429
14779 9971 429
3548 8398 1058
3517 9918 251
10243 6157 450
12592 5288 329
12245 5498 334
12245 8448 334
12245 6612 512
8166 9019 319
4688 7807 261
7846 9861 354
3852 5201 1147
6004 6708 429
13660 14267 1058
185 8490 511
6556 13146 355
470 10214 933
470 12168 933
470 8794 42
470 4061 42
470 3409 42
470 12742 42
470 5994 42
470 11735 42
470 12842 42
470 5613 42
470 12035 42
470 14039 42
470 936 42
470 3789 42
470 12257 42
2317 3306 461
1565 12750 324
8621 5608 1147
4502 2213 971
8510 6513 98
10092 8295 353
10517 898 1147
2575 11984 1095
9450 6684 1120
12230 11550 429
7560 837 429
5027 13529 1339
2811 14284 319
10902 5846 1147
3696 6879 842
13911 14499 791
4828 5798 1058
9781 3794 86
9781 9507 86
9781 1178 86
9781 800 86
9781 1000 86
9781 12208 86
9781 10514 86
9781 14362 86
12289 7793 461
9154 1933 1331
8866 5049 1052
8269 1455 86
8269 4807 86
8269 6716 86
8269 8189 86
8269 3200 86
8269 12818 86
8269 14192 86
8269 12243 86
8269 9907 86
8269 1118 86
8269 13845 86
8269 700 86
8269 11100 86
8269 9016 86
8269 5288 86
8269 11391 86
8269 2325 86
1457 6176 76
1661 12032 353
7053 12251 1147
3018 14583 429
1808 12827 963
11411 13951 801
7869 5928 578
6580 11799 461
4403 12917 1058
1674 8991 12
6045 2470 719
5760 9540 879
2313 733 872
2504 5486 511
6781 14473 723
12269 11503 302
7365 13640 1147
12580 10579 631
8353 950 527
13284 3865 1147
3414 10761 1259
1727 5655 319
5337 2031 842
9342 4280 35
12252 14892 355
5056 11794 302
8437 1975 1149
8033 13841 355
3031 9395 441
8393 2481 60
8393 12037 60
8393 2810 1045
4943 6203 42
4943 14213 42
10618 12890 424
11486 4395 971
3506 12915 583
4070 7179 511
13791 13413 1139
13791 3311 1139
13791 2671 1139
11231 4643 335
1937 8900 1275
9782 2037 971
2060 4971 861
10595 10520 1103
6638 10380 1052
6158 5403 1147
3033 6311 1116
619 8718 1120
14426 13657 1023
14426 8509 1023
5241 10969 95
12704 11801 754
1210 7647 468
8025 14507 319
7016 2610 1147
5141 355 1147
11468 9062 1147
1412 8018 461
7772 557 76
14167 8450 631
5642 4846 429
2793 10598 461
11288 12973 1139
12099 790 302
2414 6090 801
2119 6421 83
4300 14389 583
9748 8447 971
4358 7235 549
5590 14715 442
5590 13358 261
5590 2681 756
14103 10342 583
8105 9127 1027
12677 14713 573
7610 13462 629
776 14507 1147
7450 8646 1147
12510 4925 708
4731 13418 442
3760 9567 461
3223 8383 319
10233 452 407
11344 14726 651
6741 13285 1275
5908 12071 1058
1039 2095 329
